# Bundle file v0.3
34 21878
3349.05 -0.0214776 0
0.999998 0.000273667 0.00204102
0.000272163 -1 0.000736947
0.00204122 -0.000736389 -0.999998
0.522856 -0.217509 -0.432546
3353.14 -0.0197397 0
0.977816 -0.0291011 -0.207433
-0.0139714 -0.997158 0.0740335
-0.208998 -0.069493 -0.975444
1.92554 0.140697 -0.477611
3350.82 -0.0200432 0
0.992676 0.0354205 0.115498
0.0190462 -0.989982 0.139906
0.119297 -0.136682 -0.983405
0.610382 -0.125956 -0.369669
3350.1 -0.0204931 0
0.999308 -0.00279223 -0.0370796
-0.00146106 -0.999355 0.0358788
-0.0371559 -0.0357998 -0.998668
0.952485 0.276685 -0.213135
3358.42 -0.0226736 0
0.993426 0.0161966 0.113329
0.00267869 -0.992959 0.118429
0.114449 -0.117347 -0.986474
0.19346 0.0178462 -0.289996
3358.91 -0.0253009 0
0.99126 0.0067694 0.13175
-0.000722575 -0.998389 0.0567345
0.131922 -0.0563338 -0.989658
0.462811 -4.10221e-05 -0.276188
3343.35 -0.0206663 0
0.999587 -0.0245122 0.0150051
-0.0238761 -0.998866 -0.0411972
0.0159979 0.0408219 -0.999038
0.534224 -0.257978 -0.40635
3346.55 -0.0204082 0
0.940174 0.0690772 0.33362
0.042593 -0.995379 0.0860656
0.338023 -0.0667067 -0.938771
-0.394662 -0.0818902 -0.594365
3351.54 -0.0179597 0
0.951263 -0.0539261 -0.30363
-0.0449247 -0.998321 0.0365589
-0.305092 -0.0211367 -0.952088
2.18362 0.0728535 -0.94654
3358.13 -0.021181 0
0.937121 -0.0845353 -0.338611
-0.0844541 -0.996314 0.0150026
-0.338632 0.0145378 -0.940807
2.55578 -0.0157337 -1.07467
3356.56 -0.0221135 0
0.883776 -0.10646 -0.455639
-0.10713 -0.993945 0.024441
-0.455482 0.0272122 -0.889829
2.70671 -0.109444 -1.55473
3355.62 -0.0213648 0
0.877488 -0.144902 -0.457185
-0.117169 -0.98915 0.0886203
-0.465066 -0.0241954 -0.884945
3.0136 -0.369761 -1.8477
3354.16 -0.0197537 0
0.81902 -0.15941 -0.551177
-0.102192 -0.985799 0.133258
-0.564592 -0.0528152 -0.823679
3.2671 -0.386108 -2.44039
3361.05 -0.0236602 0
0.764173 -0.148464 -0.627693
-0.154598 -0.986942 0.0452219
-0.62621 0.0624828 -0.777146
3.5937 -0.303881 -2.89824
3361.63 -0.0250598 0
0.715554 -0.184446 -0.673767
-0.172457 -0.981301 0.085482
-0.676935 0.055029 -0.733983
3.62455 -0.63504 -3.55268
3358.05 -0.0264169 0
0.728165 -0.168532 -0.664359
-0.137017 -0.985526 0.0998272
-0.671567 0.0183381 -0.740717
4.17699 -0.638388 -3.86807
3354.72 -0.0261422 0
0.693838 -0.216705 -0.686752
-0.197722 -0.974325 0.107687
-0.692456 0.0610686 -0.718871
4.18854 -0.62853 -3.88031
3360.51 -0.0258969 0
0.675997 -0.212394 -0.705633
-0.192216 -0.975236 0.1094
-0.711394 0.0616794 -0.700082
4.55976 -0.599463 -4.0267
3344.59 -0.0190874 0
0.891287 0.0979587 0.442732
0.0638757 -0.993774 0.0912905
0.448918 -0.0530863 -0.891995
-0.947924 -0.217607 -0.919377
3344.74 -0.0187284 0
0.860556 0.109601 0.497424
0.0681576 -0.992571 0.100785
0.504774 -0.052828 -0.861633
-1.39334 -0.319549 -1.31449
3343.68 -0.0196737 0
0.778622 0.142415 0.611118
0.0768313 -0.988214 0.132403
0.622771 -0.0561387 -0.780387
-1.96295 -0.385562 -1.83487
3352.2 -0.0218862 0
0.716874 0.217106 0.662538
0.125704 -0.974955 0.183468
0.685777 -0.0482401 -0.726211
-2.2043 -0.555811 -2.24429
3342.95 -0.0191776 0
0.658443 0.214073 0.721543
0.130705 -0.976653 0.170486
0.741194 -0.0179464 -0.671051
-2.61664 -0.65043 -2.47333
3342.09 -0.0175083 0
0.591573 0.219512 0.775794
0.124186 -0.975549 0.181336
0.79663 -0.0109309 -0.604368
-2.78964 -0.648252 -2.62675
3345.67 -0.01903 0
0.643608 0.172004 0.745777
0.0713636 -0.983661 0.165282
0.762021 -0.0531552 -0.645367
-3.23131 -0.520743 -2.3656
3342.17 -0.0189075 0
0.500139 0.254664 0.827652
0.204441 -0.963485 0.172918
0.841466 0.0827232 -0.53394
-3.08086 -0.706788 -2.82001
3341.88 -0.0194786 0
0.452545 0.247877 0.856598
0.173887 -0.96668 0.187867
0.874624 0.0639335 -0.480569
-3.15538 -0.826207 -2.94435
5337.08 -0.0466348 0
0.691621 0.18856 0.697213
0.249464 -0.968277 0.0144063
0.677812 0.163966 -0.716719
-2.37578 -0.821753 -1.76839
3349.61 -0.0203785 0
0.435232 0.245295 0.866258
0.162452 -0.967773 0.19242
0.885541 0.0569782 -0.461055
-3.32586 -0.767198 -2.95394
3342.5 -0.0171766 0
0.580567 0.249584 0.775016
0.130127 -0.968067 0.214275
0.803747 -0.0235504 -0.594505
-2.94969 -1.02912 -3.90383
3342.8 -0.0143401 0
0.540913 0.240144 0.806067
0.135967 -0.970734 0.197961
0.830016 0.00251925 -0.557734
-2.92366 -1.18625 -4.36912
3343.02 -0.0149609 0
0.490667 0.240507 0.837498
0.137123 -0.970489 0.198362
0.86049 0.0175105 -0.509166
-2.95654 -1.20177 -4.6203
3343.49 -0.0137594 0
0.573435 0.27632 0.771245
0.138272 -0.960541 0.241333
0.807498 -0.031747 -0.589015
-3.03576 -1.31413 -4.73013
3356.92 -0.0260542 0
0.636243 -0.207714 -0.743001
-0.199146 -0.974653 0.101944
-0.745343 0.0831043 -0.661481
4.78369 -0.575173 -4.29684
-0.075414 0.168277 2.8563
200 201 204
24 13 4859 1136.26 -218.166 16 5143 1214.82 -266.847 9 7870 1347.51 -120.899 11 7043 1244.47 -211.613 12 7548 1126.82 -115.114 14 4977 967.008 -325.91 17 2045 1377.65 -244.873 7 8048 507.483 -6.2854 18 6967 256.901 -122.29 19 6891 -14.1687 -178.116 20 6122 -203.297 -145.542 21 5820 -252.071 -157.007 22 6301 -428.083 -253.455 23 5840 -441.198 -230.047 24 6606 -877.857 -171.594 25 4298 -542.461 -296.869 27 9161 -562.112 -1333.71 29 5155 -436.603 -347.957 30 4697 -346.753 -440.961 26 6606 -538.634 -356.214 31 4709 -307.375 -440.798 32 4605 -429.693 -411.266 33 2469 1405.56 -235.502 15 5144 1235.16 -286.802
4.59059 -0.00663352 3.50732
24 40 19
6 14 5060 1644.33 -405.497 13 4961 1921.93 -334.685 15 5161 1809.89 -316.509 16 2058 1728.2 -399.569 17 2280 1776.04 -372.971 33 2735 1692.38 -373.815
4.59632 -0.00815594 3.5089
25 41 20
5 14 5059 1644.33 -405.497 15 5160 1809.89 -316.509 16 2057 1728.2 -399.569 17 2281 1776.04 -372.971 33 2736 1692.38 -373.815
-0.781279 -2.43858 4.90929
92 101 135
12 13 7887 146.155 1287.29 14 7784 103.129 1148.47 15 6394 362.594 1127.24 16 6399 384.365 1159.22 17 4385 516.064 1171.56 33 4922 535.293 1148.84 19 7882 63.146 1456.14 20 8207 47.0461 1445.89 21 7892 -20.7158 1407.29 22 8505 -58.9387 1301 23 7265 11.1787 1358.95 27 9401 42.1404 1210.1
-1.65436 0.426055 2.99735
169 171 174
10 12 10993 161.064 -197.615 13 10231 310.145 -270.371 14 10061 249.615 -373.109 15 10298 611.64 -360.151 16 10224 611.913 -272.871 17 10894 841.811 -252.132 33 11808 945.761 -238.779 15 10093 615.105 -357.972 16 10045 615.014 -270.61 17 10672 844.083 -249.451
-1.65296 -1.3736 4.494
194 196 185
3 17 10833 309.708 854.579 16 10164 140.652 838.347 33 11473 369.677 848.045
-2.2137 -1.36013 4.46855
215 216 202
2 17 10821 118.153 969.265 33 11457 197.554 967.472
-1.73343 1.50382 2.8653
126 122 119
3 17 11159 745.58 -1009.07 13 10524 209.808 -1181.07 33 12128 867.151 -983.25
-1.63613 0.64738 2.78843
132 132 132
3 17 11103 946.826 -428.474 16 10419 709.298 -451.667 33 12046 1056.36 -410.472
11.5642 -2.55959 5.60393
120 120 66
3 17 11023 1829.98 58.0752 16 10338 1846.61 38.1321 33 11919 1685.53 37.3352
-1.53279 0.211724 2.87576
223 224 219
2 17 11029 984.709 -135.504 33 11801 1081.14 -119.714
10.3341 -1.84341 5.02037
94 140 72
3 17 10883 1864.38 -53.3129 16 10217 1873.52 -74.951 33 11795 1726.04 -70.2943
10.6774 -2.09486 5.36109
26 40 25
2 16 10216 1825.9 -26.7671 33 11794 1675.99 -23.3188
10.6774 -2.09486 5.36109
26 40 25
2 16 10215 1825.9 -26.7671 33 11793 1675.99 -23.3188
11.3199 -2.28185 5.96267
130 153 90
3 17 10635 1728.13 20.5267 16 10006 1741.6 0.662598 33 11557 1588.52 -0.192139
11.3199 -2.28185 5.96267
130 153 90
3 17 10634 1728.13 20.5267 16 10005 1741.6 0.662598 33 11556 1588.52 -0.192139
-1.26291 -0.516035 3.9738
76 74 61
2 17 10598 571.656 327.508 33 11519 631.207 326.031
-2.00978 -1.31932 4.40369
241 240 233
2 16 10159 32.5787 891.843 33 11463 291.772 898.265
-2.3769 -1.38215 4.48744
219 219 207
2 17 10820 48.4634 1020.7 33 11456 133.752 1018.29
11.8157 -2.70192 5.79794
148 165 111
3 17 10339 1808.13 79.4159 16 9678 1824.83 61.4758 33 11209 1662.26 55.7213
-0.645104 -1.55449 4.49949
241 242 237
3 17 10570 629.473 754.672 16 9934 488.921 742.712 33 11086 654.713 737.581
-0.541677 1.36366 2.19131
132 162 95
2 17 10081 1543.69 -1038.41 33 10904 1608.85 -1000.91
-1.75409 1.42193 2.9409
192 192 182
3 17 10054 703.024 -936.186 16 9384 458.851 -962.116 33 10876 824.547 -911.678
-1.12701 0.464461 2.75794
225 224 222
2 17 10396 1145.51 -350.377 33 10750 1225.21 -331.649
-1.55304 0.0944801 2.92406
94 92 79
2 17 9831 963.913 -50.0583 33 10689 1059.66 -38.9623
13.9409 -4.82301 8.04101
108 136 108
3 17 10282 1568.71 386.871 16 9044 1595.49 371.038 33 10599 1420.94 355.042
-1.13193 0.111885 2.83867
121 125 121
2 17 9023 1138.33 -114.585 33 9897 1214.21 -108.178
-1.16598 0.142034 2.89245
210 213 214
4 17 9022 1091.68 -126.168 16 9174 886.001 -146.23 15 9771 888.631 -213.338 33 9896 1170.26 -116.194
10.0173 -1.78649 4.72524
64 95 61
3 17 8995 1915.19 -60.6968 16 8368 1922.68 -83.7706 33 9869 1776.56 -76.7197
10.4901 -1.96486 4.86977
142 167 112
3 17 9839 1915.48 -37.239 16 9160 1924.92 -59.269 33 9867 1772.71 -54.2567
9.96937 -1.84059 4.98156
125 154 95
3 17 8994 1850.95 -40.161 16 8367 1858.11 -62.4684 33 9866 1715.33 -56.0144
-0.840043 -0.216654 4.12552
0 0 0
2 17 9785 597.644 120.081 16 9103 437.687 102.11
14.3033 -4.75287 7.35474
123 153 116
3 17 9726 1707.53 354.634 16 9046 1735.35 338.047 33 9692 1552.27 323.969
-1.57552 -0.635934 4.2379
217 213 201
3 17 9696 363.698 447.402 16 9003 183.959 433.302 33 9652 428.678 443.002
-0.946604 -1.79019 4.59729
218 219 211
2 17 8632 529.704 918.844 33 9529 561.656 901.712
9.00809 -1.20034 4.61422
95 147 62
3 17 7694 1855.55 -159.676 16 7152 1854.71 -182.68 33 8528 1726.49 -171.262
10.1504 -1.74011 4.93361
129 150 110
3 17 7630 1870.06 -71.0708 16 7057 1878.04 -93.0914 33 8471 1732.71 -86.6289
11.6915 -2.52082 6.12728
65 78 52
3 17 7581 1724.82 55.7412 16 7008 1740.03 35.34 33 8417 1582.68 34.7827
11.8426 -2.73528 6.28632
125 158 89
3 17 7536 1707.87 93.4915 16 6949 1724.81 73.9399 33 8371 1566.16 71.6393
10.8824 -3.0357 7.00295
63 82 63
3 17 7470 1511.31 204.602 16 8259 1521.46 186.55 33 8311 1378.41 180.783
-0.523935 -1.65238 4.532
103 104 97
4 17 7162 657.25 778.16 16 6529 520.808 766.25 15 6505 515.865 736.865 33 7949 679.148 759.776
-0.499104 -1.83782 4.65544
0 0 0
2 17 8651 631.748 856.065 16 8001 499.359 842.86
-1.5373 1.31025 2.21567
203 200 188
2 16 7610 1015.01 -1049.56 33 7026 1395.95 -977.685
-0.660198 1.29622 2.46241
217 201 185
2 15 7651 1177.47 -1010.59 33 7025 1417.57 -910.44
-0.988898 0.385718 2.77778
238 237 235
2 17 7772 1180.99 -307.736 33 6329 1253.07 -293.418
8.81171 -1.00438 4.44747
60 105 39
3 17 5545 1877.87 -204.943 16 5084 1875.73 -229.252 33 6264 1750.1 -215.24
8.92499 -1.14356 4.49224
103 159 57
3 17 5455 1880 -173.752 16 5083 1878.19 -197.739 33 6263 1750.33 -185.668
10.0354 -1.66494 4.84788
75 127 66
3 17 5376 1881.26 -85.9358 16 4996 1888.17 -107.889 33 6185 1743.86 -100.014
-1.63066 0.261062 3.3441
172 177 171
3 17 5439 674.052 -112.376 16 4969 459.195 -130.559 33 6171 767.701 -105.073
-1.63066 0.261062 3.3441
172 177 171
3 17 5438 674.052 -112.376 16 4968 459.195 -130.559 33 6170 767.701 -105.073
9.72457 -1.66873 4.717
72 105 69
3 17 5375 1894.78 -76.1257 16 4997 1899.97 -99.415 33 6109 1758.61 -89.3911
-1.48199 0.149294 2.90526
110 114 102
4 17 5360 990.393 -95.1743 33 6095 1082.98 -83.7705 16 7088 769.591 -114.364 15 7174 763.038 -196.498
16.0495 -6.18179 9.77547
140 174 131
3 16 4350 1481.68 487.889 15 4187 1578.28 641.163 33 5494 1296.57 467.208
-0.533191 -1.53242 4.52811
232 228 216
3 17 4618 644.74 724.475 16 6532 508.438 709.332 33 5229 667.094 710.955
-1.78664 1.37453 2.68874
196 200 199
2 17 3358 854.929 -957.552 33 3784 984.625 -927.78
-1.66305 1.50804 3.54273
223 226 217
3 17 3206 394.588 -873.756 15 2942 224.423 -966.795 33 3625 495.192 -858.681
4.59964 0.410796 3.05396
148 147 131
3 17 2587 1919.48 -547.929 14 5310 1795.06 -590.385 33 3058 1835.36 -540.799
11.3703 -2.45034 6.37674
40 52 38
3 14 1175 1647.21 72.6719 13 1109 1904.98 142.044 33 2131 1512.49 39.6959
-1.54318 -0.0398276 4.05846
211 210 205
3 17 1554 384.544 104.807 16 1226 198.689 89.3346 33 1956 457.144 106.025
14.3549 -4.99942 7.56979
138 167 122
3 17 1036 1679.15 394.623 16 870 1707.59 377.69 33 1564 1525.07 361.104
-0.0655964 0.729405 2.78261
117 117 120
11 19 7015 12.6172 -674.659 20 8018 -171.995 -605.152 21 7718 -192.122 -587.596 22 8321 -376.174 -680.236 23 8103 -389.164 -660.237 29 9015 -385.356 -681.683 30 7512 -302.264 -756.261 32 7467 -376.217 -701.315 24 9035 -842.492 -617.098 26 8841 -482.788 -795.296 28 9682 -601.443 -747.975
-0.216951 0.122379 2.84821
71 68 70
6 26 9253 -582.523 -333.147 28 10070 -693.538 -279.222 31 8840 -346.721 -419.653 24 9455 -934.512 -142.373 30 8819 -390.329 -419.337 32 8839 -472.083 -392.463
0.997622 1.3615 4.77625
73 81 88
5 24 9622 847.299 -697.996 32 8853 787.711 -654.489 28 10212 1256.09 -800.928 29 9941 932.175 -667.029 31 9045 1004.7 -778.31
-0.42148 0.152435 2.87767
94 96 103
19 24 6604 -973.148 -164.114 25 4293 -616.431 -311.904 31 2194 -369.902 -433.873 0 11180 108.557 -371.788 1 8854 953.658 217.637 2 7150 542.312 120.663 3 7912 462.21 249.023 4 8774 108.705 217.315 5 7758 447.861 12.5569 6 10378 154.862 -528.629 18 6959 -33.1875 -122.433 20 6114 -393.99 -145.291 21 4133 -411.427 -166.679 22 4544 -556.406 -257.685 23 4182 -548.073 -231.553 27 8859 -823.53 -1344.24 29 2252 -518.776 -344.785 30 2072 -419.396 -434.375 32 1987 -500.457 -406.813
-0.0235004 1.35699 2.56947
56 57 58
7 20 8761 -183.155 -1178.22 21 8468 -177.028 -1125.14 30 8625 -309.903 -1145.39 23 8389 -406.173 -1192.82 24 9349 -891.027 -1160.71 28 10137 -633.834 -1298.59 19 8435 11.1023 -1302.78
0.208535 1.41053 3.55579
174 169 154
17 0 11920 617.139 -1360.15 4 9855 702.391 -820.136 5 8709 995.413 -1049.2 7 9045 916.97 -989.321 18 8340 779.174 -1049.91 19 8187 546.084 -1034.42 20 8511 420.876 -946.324 22 8825 272.891 -983.691 23 7741 288.67 -975.231 24 8628 -148.085 -951.17 29 8345 158.386 -910.163 30 7587 213.123 -984.99 31 7583 248.384 -984.057 25 7707 244.937 -1060.37 26 8486 254.329 -1129.31 28 9316 147.782 -1090.39 32 7531 107.653 -887.728
0.852835 0.990414 4.10523
113 99 69
8 26 8834 805.375 -700.298 28 9675 700.441 -659.045 31 7475 638.295 -688.441 31 8141 636.592 -689.671 22 8781 809.145 -585.032 29 9000 573.786 -587.869 30 8161 608.795 -685.763 32 8163 459.326 -596.227
-0.551338 -0.679101 4.22898
72 78 57
5 26 1089 30.6904 320.988 28 1244 -41.6775 380.305 24 4078 -335.855 493.421 29 1293 -79.5996 224.358 31 1248 69.302 100.115
-5.74067 1.36095 2.38886
42 45 40
8 24 6871 -1952.05 -744.342 25 4768 -1369.26 -1048.04 26 5219 -1242.24 -991.181 28 7481 -1258.21 -939.521 23 6094 -1548.88 -867.023 29 5487 -1366.14 -863.087 31 2637 -1068.77 -879.032 32 4951 -1265.94 -877.127
-5.74808 1.36119 2.38993
42 45 40
7 24 6870 -1952.05 -744.342 25 4767 -1369.26 -1048.04 26 5218 -1242.24 -991.181 28 7480 -1258.21 -939.521 23 6095 -1548.88 -867.023 29 5488 -1366.14 -863.087 31 2638 -1068.77 -879.032
0.791756 1.46972 4.60715
50 50 42
7 24 2474 670.244 -794.849 25 4687 1113.7 -861.754 29 2768 799.45 -751.948 30 2547 834.663 -845.602 28 8601 1065.65 -914.845 29 5458 800.641 -754.438 31 4971 876.05 -856.573
-0.603574 -0.778439 4.22399
36 52 30
5 23 7923 -24.0679 476.239 31 7093 46.1012 141.998 29 7916 -106.802 267.547 30 5959 -13.3887 148.597 24 8851 -368.726 544.564
-1.04265 -1.21166 4.30906
81 87 80
6 23 7900 -181.855 654.847 24 8829 -509.267 744.874 27 9438 -297.98 142.516 32 7035 -266.929 308.389 30 7072 -133.208 305.847 31 7051 -65.217 295.71
-0.423036 -0.414165 4.15266
82 79 67
6 23 3745 54.6238 281.163 24 4242 -298.931 340.042 29 1565 -39.7495 102.286 30 1369 45.7213 -10.3198 26 1350 67.7705 174.868 28 1499 -9.03149 230.983
0.312343 1.38334 2.39372
184 185 174
5 23 8761 -384.305 -1325.5 29 10147 -371.519 -1185.37 32 9160 -354.219 -1138.02 22 9494 -333.915 -1333.5 30 9165 -301.832 -1232.83
0.880483 1.59478 3.51273
52 58 45
7 22 9381 663.652 -1186.63 23 8720 661.303 -1194.61 24 9714 189.91 -1193.09 31 9061 474.394 -1144.39 32 9038 338.119 -1017.45 26 9453 573.18 -1376.07 28 10288 442.428 -1344.66
0.882238 0.562891 4.00223
74 74 74
11 21 7653 880.248 -188.339 23 8063 737.478 -277.412 24 9000 323.273 -272.182 25 8253 653.339 -301.248 26 9080 667.484 -381.706 28 9899 556.92 -334.873 29 8942 480.786 -359.612 30 8520 521.015 -467.988 32 8111 372.041 -401.37 26 9261 668.668 -382.452 28 10074 557.47 -336.221
1.36048 1.68328 3.71726
189 187 186
8 22 8861 1102.84 -1236.86 23 7814 1107.89 -1265.8 24 8721 616.151 -1280.37 29 8403 751.454 -1110.04 30 6672 761.514 -1192.18 26 8563 1027.94 -1469.76 28 9394 890.546 -1443.73 31 6672 770.734 -1198.41
0.873866 1.10635 3.84667
84 70 64
10 22 6556 731.758 -724.75 23 7031 746.161 -720.72 25 7046 677.858 -765.022 29 7129 494.015 -703.627 30 6483 529.988 -794.708 24 6847 306.124 -719.395 26 7811 681.548 -860.257 28 8575 565.193 -821.309 31 4923 551.498 -800.605 32 4824 390.066 -700.826
1.57426 1.6145 3.47171
62 86 44
6 22 6816 1151.82 -1297.83 23 6327 1134.02 -1333.57 24 8120 620.704 -1357.97 30 3030 742.801 -1235.79 25 5106 1024.42 -1385.26 29 3256 744.061 -1154.99
0.131495 1.3812 2.37803
176 175 163
6 22 5362 -432.612 -1314.89 23 4879 -472.246 -1296.94 29 3225 -435.659 -1170.3 30 2896 -360.853 -1218.73 26 7961 -614.252 -1448.75 28 8735 -752.139 -1405.5
-0.0631069 0.655996 2.758
77 75 77
10 22 4802 -402.291 -631.838 23 4441 -416.626 -610.385 25 6072 -514.703 -680.492 29 5316 -407.322 -643.04 30 2353 -324 -720.822 31 2493 -286.455 -715.782 32 2351 -397.063 -669.223 24 4983 -870.861 -564.868 26 5072 -513.736 -743.282 29 2555 -408.021 -643.548
-0.0543526 1.44588 3.12318
75 75 72
7 20 7476 83.0972 -1069.77 22 7709 -64.2461 -1105.77 32 6593 -129.786 -981.22 23 7774 -59.6227 -1093.22 24 8666 -510.643 -1061.02 28 9331 -221.913 -1206.44 31 6611 -10.0737 -1067.06
0.305939 1.51834 2.95727
188 196 187
7 22 6802 35.0154 -1245.25 23 6277 15.084 -1238.64 24 8044 -459.3 -1216.52 32 2807 -86.7064 -1073.15 26 7036 -88.7478 -1401.55 29 5685 -61.9984 -1117.6 30 5184 -6.52039 -1177.99
-4.73083 1.93717 3.05289
173 159 134
8 20 6455 -1601.58 -1033.23 21 6193 -1346.08 -1060.02 22 5115 -1284.87 -1089.16 29 5602 -991.565 -998.013 32 2698 -916.453 -990.396 23 4676 -1126.18 -1035.65 24 5233 -1516.22 -934.741 30 2691 -853.988 -1035.68
-0.934644 1.26947 2.48932
222 221 215
26 1 8376 547.101 -1107.6 2 6752 14.756 -1133.91 3 7513 -96.9287 -1110.85 4 8273 -483.596 -1059.65 5 7385 -146.108 -1281.98 7 7606 -356.87 -1173.4 8 7131 514.338 -1158.85 9 7178 791.908 -1261.32 10 8469 620.1 -1223.41 4 9029 -483.225 -1061.12 11 7666 800.995 -1186.41 12 8119 771.562 -1003.18 18 7261 -510.862 -1205.82 19 6214 -684.282 -1160.98 20 6471 -743.54 -1040.96 21 6162 -665.956 -1023.12 32 2708 -620.527 -984.887 22 6696 -797.191 -1090.55 23 6158 -771.104 -1058.52 24 6956 -1231.69 -1000.98 25 4881 -802.121 -1166.26 28 3254 -868.425 -1148.54 29 5615 -673.182 -999.984 30 2697 -570.379 -1049.84 30 5060 -569.655 -1050.24 31 2823 -512.302 -1035.43
-0.281606 0.191083 2.86243
117 108 104
10 18 4143 80.3257 -150.616 19 4232 -162.241 -203.51 20 4350 -318.686 -171.549 21 4198 -346.634 -186.873 29 2258 -484.547 -364.951 30 2079 -389.447 -454.963 31 2200 -344.521 -454.513 32 2111 -470.526 -425.755 26 4818 -574.254 -383.272 28 5272 -684.181 -331.164
0.421751 1.12416 3.64885
164 158 154
10 7 6364 1095.74 -732.68 18 6062 951.393 -804.028 19 4520 702.518 -806.903 20 6343 563.599 -730.177 21 4474 543.88 -667.981 30 2534 285.391 -826.644 31 2656 316.563 -827.898 32 2366 168.119 -739.549 26 5182 344.76 -904.155 28 5650 234.49 -863.592
-0.636518 0.423617 2.76405
67 67 69
13 1 9800 781.157 -75.2179 8 9228 705.946 -217.811 9 9277 958.942 -332.587 10 9417 759.545 -356.597 11 9304 945.469 -391.987 12 10438 882.337 -283.894 32 6385 -558.145 -553.576 24 8531 -1080.85 -376.865 26 7700 -674.764 -574.05 28 8475 -775.509 -524.74 29 8237 -590.212 -511.542 30 6422 -485.117 -589.026 31 6384 -432.252 -585.272
-2.26864 -1.12556 4.37448
84 80 60
10 4 8560 -1118.97 1161.81 7 6980 -707.753 816.592 18 6667 -660.137 667.788 19 5373 -699.161 587.1 29 4518 -465.933 283.017 30 1073 -343.772 178.971 31 1089 -256.28 169.995 32 1124 -467.396 187.883 23 5410 -467.133 453.67 24 6120 -791.303 558.43
-2.13147 -1.09663 4.40324
67 63 51
24 1 8589 -817.738 1249.6 4 7616 -1017.22 1140.95 5 6743 -744.744 928.199 7 6983 -624.724 806.659 8 8428 -838.8 1066.32 9 8435 -624.132 982.769 10 7597 -788.074 971.563 10 8605 -787.486 971.643 11 7942 -503.563 960.068 12 8484 -508.631 1044.42 13 7936 -422.739 867.734 14 7858 -413.305 735.836 15 6543 -67.932 688.718 17 7103 146.381 806.336 18 6668 -585.401 661.198 19 5374 -631.327 581.823 29 1281 -425.689 285.196 30 1075 -306.223 179.588 23 3546 -418.808 458.125 24 6121 -743.037 559.799 29 4520 -426.08 284.846 31 1095 -221.089 170.825 32 1126 -430.19 189.641 33 7902 227.931 800.294
2.23604 1.27167 2.38593
185 194 150
3 29 9976 482.157 -1368.59 30 8907 447.193 -1426.16 32 8673 334.124 -1258.47
-0.0392011 0.241627 3.80195
38 36 34
4 31 8833 135.476 -351.897 27 9637 349.214 -1202.47 20 8666 250.951 -82.3713 21 8385 224.988 -63.8716
0.328154 1.21239 3.64506
46 31 34
6 31 8884 297.349 -872.333 23 8520 363.331 -821.282 24 9508 -68.7471 -801.523 29 9746 210.134 -788.922 30 8854 263.171 -871.242 32 8611 150.252 -780.975
-0.987378 1.32165 2.34504
111 105 98
5 30 8612 -643.551 -1097.08 31 8231 -582.717 -1081.23 25 8334 -898.309 -1234.25 26 8907 -868.512 -1259.9 28 9730 -967.213 -1211.92
0.0258813 -1.08627 4.3595
27 26 22
5 23 7333 234.199 769.545 31 5791 216.114 351.232 32 5827 16.0095 361.458 25 6542 171.24 704.463 30 5847 172.806 362.788
-2.37528 -0.527855 4.2066
118 109 98
11 24 4322 -834.118 255.255 30 1504 -363.219 -62.9194 3 8376 -1220.63 743.487 7 7944 -792.998 444.522 9 9142 -831.042 611.604 10 9256 -991.439 610.337 11 9658 -690.61 604.874 19 6742 -767.331 255.154 32 1519 -476.61 -45.447 23 3822 -496.562 158.676 29 1696 -483.215 29.5912
1.23795 1.3084 3.88523
81 91 93
2 31 9371 738.365 -928.148 32 9315 568.703 -804.548
-0.107369 1.38074 2.76913
80 82 76
3 30 9334 -234.096 -1108.22 31 9344 -195.589 -1099.49 32 9299 -297.116 -1021.27
0.71801 -0.833821 4.21757
0 0 0
2 26 9528 436.976 681.03 30 9286 362.308 303.124
3.39256 0.865585 2.87435
120 107 90
2 31 9290 1399.02 -1063.73 32 9247 1226.89 -883.088
0.812502 0.881966 3.87458
94 92 79
3 24 9800 259.4 -538.128 30 9271 485.88 -664.498 32 9243 345.735 -581.951
0.0588375 1.17078 1.64745
0 0 0
2 29 10189 -922.017 -1235.12 31 9182 -783.356 -1237.8
-0.0916554 1.48677 2.93632
0 0 0
2 22 9521 -176.367 -1186.4 31 9288 -99.9376 -1121.78
0.823913 1.10117 4.00899
0 0 0
2 23 8753 794.308 -675.119 24 9743 365.184 -674.255
-0.71724 -0.19962 2.94248
226 224 225
4 29 10117 -607.728 -160.016 30 9203 -499.95 -256.825 31 9220 -442.473 -260.538 32 9188 -586.955 -241.731
-0.933362 -0.216849 3.93353
61 81 35
2 29 10115 -237.696 -46.8077 32 9186 -256.266 -122.476
-0.712132 1.29055 2.40724
0 0 0
2 24 9752 -1228.67 -1061.1 31 9175 -508.982 -1075.24
-5.47705 1.60627 1.80921
32 37 33
3 31 9171 -1219.42 -1027.81 32 9149 -1406.64 -1031.4 23 8716 -1751.34 -1051.04
-4.77201 1.20036 3.46229
81 80 76
4 23 8711 -1039.94 -696.628 29 10052 -929.063 -703.288 30 9149 -789.851 -752.236 32 9137 -867.479 -718.369
0.564245 0.059748 3.90454
0 0 0
2 30 9202 298.697 -217.211 31 9136 330.161 -222.438
-1.95485 -0.443541 3.97943
214 210 199
3 29 10022 -474.576 0.556152 30 9119 -357.008 -96.6246 32 9102 -468.972 -76.3563
-0.825547 -0.400968 3.18779
32 38 32
2 29 10028 -546.909 -33.8634 32 8987 -535.762 -126.008
-0.825547 -0.400968 3.18779
32 38 32
2 29 10029 -546.909 -33.8634 32 8986 -535.762 -126.008
-0.504573 -0.604013 4.30851
204 192 180
3 30 8973 61.1506 84.6934 31 9120 119.323 79.5612 32 8972 -74.0222 102.753
0.869431 -0.762752 4.70217
0 0 0
3 25 8518 753.233 728.326 26 9410 798.117 702.619 30 8955 615.314 321.605
0.348519 0.932061 0.907247
185 183 181
2 30 9049 -1292.32 -1353.23 32 8906 -1248.04 -1290.42
-1.57268 1.47397 2.42866
0 0 0
2 23 8660 -938.7 -1141.92 31 9056 -622.619 -1100.42
-6.95004 1.5142 1.33304
143 167 88
4 29 9764 -1791.85 -1002.33 30 8869 -1606.32 -1020.48 31 8892 -1445.51 -995.12 32 8883 -1659.99 -1013.6
0.815326 1.69333 4.01559
0 0 0
2 29 9957 622.008 -1000.18 30 9038 653.269 -1082.79
-0.0883232 0.524176 2.93835
96 93 88
3 24 9614 -771.023 -426.223 30 8828 -263.209 -619.065 32 8844 -344.765 -572.615
-1.14745 0.00847347 2.9341
238 237 235
4 29 9696 -681.092 -282.99 30 8808 -565.785 -369.642 31 8831 -498.43 -369.559 32 8837 -645.997 -350.148
-2.0585 -0.87371 4.41342
53 53 43
2 31 8787 -185.504 92.749 32 8786 -393.042 113.641
-2.30593 -1.06551 4.38275
50 39 35
4 29 9643 -464.073 256.302 30 8755 -341.666 154.031 31 8778 -255.085 145.393 32 8778 -464.976 164.768
0.384932 0.839176 0.493162
179 189 188
3 29 9807 -1810.7 -1429.02 30 8663 -1626.99 -1423.59 32 8684 -1546.6 -1367.99
0.642231 1.03581 1.21563
182 180 161
3 29 9797 -1105.67 -1357.41 30 8899 -995.693 -1377.02 32 8669 -970.906 -1293.87
0.0620335 1.20178 1.64318
204 203 192
3 29 9786 -918.234 -1256.1 30 8641 -813.707 -1285.97 32 8660 -821.646 -1210.11
-2.64706 1.19079 0.846863
174 172 175
3 29 9781 -1786.95 -1185.24 30 8621 -1600.17 -1199.38 32 8658 -1605.04 -1176.09
2.80861 1.16267 2.8903
216 203 174
2 31 8672 1022.56 -1250.99 32 8654 893.119 -1066.94
-0.773644 1.39288 2.24495
132 137 123
3 22 9277 -879.254 -1258.97 31 8652 -584.606 -1151.37 32 8650 -674.639 -1100.27
-4.47899 1.31862 0.82108
167 166 164
4 29 9510 -1895.19 -1121.43 30 8609 -1701.38 -1133.04 32 8649 -1726.21 -1126.92 31 8642 -1555.94 -1099.16
-9.14787 1.71129 1.20113
125 146 89
3 29 9503 -1907.71 -999.747 31 8207 -1533.99 -989.639 32 8639 -1777.2 -1013.49
-5.35 1.22548 1.97207
22 24 23
4 22 9085 -1897.24 -941.184 29 9751 -1494 -879.055 31 8607 -1186.83 -895.653 32 8620 -1380.13 -895.049
1.42231 1.26711 4.75601
94 95 99
3 28 10111 1505.28 -738.957 31 8598 1169.02 -745.299 32 8584 933.635 -617.157
1.42231 1.26711 4.75601
94 95 99
3 28 10112 1505.28 -738.957 31 8599 1169.02 -745.299 32 8583 933.635 -617.157
0.877471 0.425159 4.0657
0 0 0
2 22 9023 722.166 -189.678 23 8308 743.075 -164.135
4.35411 -0.398811 1.99855
83 119 71
3 30 8742 1685.14 337.425 31 8768 1331.54 312.605 32 8468 1251.16 214.525
0.928888 1.00151 1.17171
177 177 175
3 29 9548 -1073.7 -1395.67 30 8665 -969.204 -1410.99 32 8317 -937.947 -1321.5
-3.38535 1.09352 0.300134
181 182 177
3 30 8266 -1921.31 -1196.82 32 8274 -1923.46 -1194.76 31 7624 -1778.56 -1156.87
-5.12547 1.2722 0.495065
162 168 158
3 30 8249 -1864.24 -1127.03 31 8224 -1705.45 -1091.01 32 8257 -1892.92 -1130.37
0.263848 -1.19922 4.27188
81 86 78
3 24 8797 -55.951 951.575 31 7872 234.679 428.754 32 7905 36.8584 432.625
2.47449 1.31598 3.0663
97 139 55
3 30 8293 996.979 -1259.37 31 8271 944.71 -1266.32 32 7624 808.347 -1089.6
0.801218 1.63424 3.35144
0 0 0
2 22 8860 543.933 -1257.89 24 9362 54.2185 -1264.65
0.00186435 1.45038 2.56697
0 0 0
2 22 8858 -357.463 -1285.97 29 9125 -364.62 -1150.05
-4.97622 1.53138 1.59199
46 53 45
4 29 8361 -1579.01 -1054.13 30 7601 -1406.08 -1076.43 31 7573 -1271.63 -1049.84 32 7574 -1450.37 -1057.31
-4.94449 0.777355 3.78044
0 0 0
2 22 8773 -1142.6 -541.898 23 6990 -983.222 -502.316
0.622689 -0.497447 5.09736
30 31 23
3 29 7884 643.837 325.445 30 7143 699.712 194.836 32 7085 516.698 222.21
-0.269083 -0.925282 4.3086
188 181 173
3 26 8128 116.667 523.092 31 7053 140.13 243.46 32 7076 -55.4706 258.134
-0.751453 -1.21152 4.29888
81 84 77
3 30 7074 -70.1304 333.704 31 7008 -7.43347 323.586 32 7037 -207.679 334.468
-4.34435 -2.60519 4.70965
67 73 71
3 30 7836 -661.066 529.169 31 6952 -548.032 515.644 32 6978 -799.386 527.206
1.31852 0.911983 1.00115
129 140 108
4 29 8524 -1133.39 -1465.54 30 7726 -1029.8 -1472.44 31 6778 -1047.18 -1428.35 32 6732 -976.873 -1373.54
-0.0246522 0.943023 0.746852
194 193 189
3 29 7415 -1626.27 -1348.76 30 7673 -1459.09 -1355.66 32 6730 -1410.96 -1303.15
2.17717 1.13286 2.04324
201 198 193
3 30 7717 156.905 -1428.34 31 7733 84.1526 -1413.3 32 6708 79.7871 -1275.3
0.863694 1.09183 1.47449
213 215 201
3 29 8460 -837.412 -1341.91 30 7678 -749.198 -1368.92 32 6701 -743.319 -1275.45
0.00174603 0.990097 0.922763
180 181 176
3 29 7419 -1473.89 -1328.06 30 6736 -1324.65 -1339.85 32 6694 -1286.75 -1282.59
-3.32904 1.17568 0.690642
202 201 197
3 29 7322 -1915.86 -1158.76 30 6632 -1718.5 -1168.91 32 6664 -1728.63 -1158.29
1.30726 1.5565 3.11883
0 0 0
2 29 9130 432.164 -1195.1 31 7669 442.849 -1260.57
-0.0286403 1.4292 2.59031
0 0 0
2 25 7755 -476.309 -1330.47 28 9358 -606.252 -1350.89
-0.921936 1.35115 2.20983
86 87 89
4 29 8389 -798.17 -1102.09 30 6641 -690.394 -1146.1 31 6605 -631.32 -1126.05 32 6626 -727.338 -1081.47
3.99941 0.729694 2.31208
44 43 38
3 30 7671 1817.02 -1268.57 31 7676 1585.45 -1281.12 32 6609 1434.14 -1043.82
-8.59728 1.71382 1.32712
175 174 140
4 29 7226 -1849.12 -1004.23 30 6556 -1655.94 -1020.29 31 5047 -1485.06 -993.878 32 6572 -1720.12 -1018.67
-6.87928 1.31403 1.47765
102 106 115
4 29 7196 -1756.64 -924.598 30 5002 -1569.29 -948.025 31 4992 -1412.13 -924.975 32 6531 -1628.6 -942.21
4.00684 0.616767 2.51383
50 53 44
3 30 6590 1927.68 -1009.97 31 7591 1720.01 -1022.92 32 6522 1525.38 -830.677
3.59562 0.81132 2.7395
37 68 36
2 31 7616 1484.92 -1090.84 32 6520 1310.77 -898.929
3.4447 0.769071 3.07326
178 157 130
2 30 6525 1654 -883.957 32 6472 1341.49 -735.863
3.57795 0.642273 3.14977
199 200 182
3 30 8167 1797.78 -735.385 31 7516 1689.61 -755.744 32 6435 1455.44 -606.672
-5.61073 0.817124 3.94229
25 37 25
4 22 7555 -1181.74 -541.796 23 5976 -1009.09 -500.199 29 8234 -912.104 -528.041 32 6383 -858.684 -554.854
-0.0823623 0.298376 2.89913
126 127 129
2 22 7515 -383.11 -342.563 32 6352 -393.354 -466.612
0.875331 -0.146948 4.2519
0 0 0
2 28 9003 566.207 270.086 30 6119 524.172 -45.2386
-1.49185 -1.27222 4.4091
194 192 180
3 29 4365 -311.589 414.152 30 3958 -199.769 297.284 32 5825 -330.833 301.54
0.425679 -1.25409 4.33478
200 196 187
3 30 5730 258.838 491.903 31 5680 300.445 482.792 32 5708 98.873 480.268
-4.36757 -2.67472 4.6908
213 224 226
3 30 5670 -675.259 548.979 31 3786 -560.586 532.658 32 5656 -812.883 544.828
2.36284 1.14322 2.03128
150 165 108
3 29 8506 289.946 -1433.78 31 6832 165.939 -1465.21 32 5381 165.401 -1312.64
2.30204 1.13926 1.99226
121 138 73
3 29 7516 219.452 -1434.02 31 6828 105.862 -1464.99 32 5379 111.121 -1315.48
2.30204 1.13926 1.99226
121 138 73
3 29 7517 219.452 -1434.02 31 6827 105.862 -1464.99 32 5378 111.121 -1315.48
0.716623 1.0035 1.14794
155 156 127
3 29 7427 -1148.15 -1370.01 30 6779 -1033.93 -1386.33 32 5361 -1003.51 -1302.92
0.841632 0.87901 0.791238
165 163 154
3 29 7485 -1453.6 -1429.36 30 6774 -1311.57 -1432.14 32 5355 -1245.66 -1355.97
0.217124 0.947072 0.801163
183 183 181
3 29 7418 -1544.76 -1371.29 30 5314 -1387.14 -1376.43 32 5352 -1337.38 -1316.92
1.08089 1.13379 1.65258
192 192 192
3 29 5877 -625.353 -1344.03 30 5329 -557.626 -1376.39 32 5283 -566.824 -1271.19
0.75768 1.15919 1.7244
132 133 96
3 29 7392 -677.509 -1289.77 30 5327 -599.859 -1324.61 32 5281 -613.417 -1230.13
0.49618 1.12211 1.57157
167 173 142
3 29 7384 -867.451 -1277.76 30 5323 -771.97 -1309.54 32 5280 -775.047 -1224.94
0.664861 1.07651 1.41352
183 185 182
3 29 7432 -942.902 -1321.51 30 6743 -844.233 -1347.2 32 5278 -834.495 -1262.29
0.766107 1.02962 1.25552
160 164 143
3 29 7431 -1044.66 -1358.1 30 5321 -940.048 -1378.08 32 5277 -917.118 -1293.07
0.506705 1.06024 1.31732
183 183 181
3 29 7429 -1058.85 -1319.33 30 6742 -948.945 -1342.43 32 5275 -933.118 -1263.55
4.02709 0.771568 2.21359
53 35 19
3 30 6818 1799.25 -1395.52 31 6808 1551.23 -1405.43 32 5250 1416.18 -1143.49
3.55562 0.935665 2.35101
49 85 47
3 30 6813 1365.32 -1398.27 31 6805 1192.17 -1402.68 32 5244 1094.55 -1174.46
-3.43203 1.28216 0.982306
184 182 183
3 29 5720 -1761.17 -1143.64 30 5160 -1577.25 -1157.95 32 5201 -1594.7 -1140.54
-6.91467 1.60798 1.36993
87 97 101
4 29 5586 -1771.14 -1027.73 30 5043 -1584.04 -1045.84 31 2797 -1426.15 -1018.74 32 5048 -1638.26 -1037.6
-8.21051 1.63919 1.37894
147 158 143
4 29 5584 -1823.19 -990.321 30 2669 -1631.71 -1008 31 2796 -1464.1 -982.974 32 5046 -1694.95 -1003.66
-8.98475 1.72738 1.25565
147 153 115
4 29 5582 -1884.14 -1003.07 30 5041 -1688.25 -1018.29 31 5046 -1514.4 -992.157 32 5045 -1754.72 -1018.66
-8.98475 1.72738 1.25565
147 153 115
4 29 5581 -1884.14 -1003.07 30 5040 -1688.25 -1018.29 31 5045 -1514.4 -992.157 32 5044 -1754.72 -1018.66
-8.88319 1.72984 1.19436
83 120 51
4 29 5583 -1899.39 -1013.95 30 5042 -1702.4 -1028.17 31 5043 -1528.58 -1001.28 32 5043 -1767.95 -1028.6
3.98111 0.683116 2.38597
42 49 37
3 30 6682 1827.82 -1161.11 31 7651 1607.82 -1170.85 32 5038 1445.21 -956.325
-10.04 1.69995 1.44615
179 192 171
3 29 5524 -1864.43 -944.48 31 4988 -1493.34 -941.635 32 4990 -1745.5 -965.301
3.30193 0.821919 2.97003
38 33 9
3 29 5511 1615.56 -831.859 30 6544 1473.72 -960.116 32 4903 1195.26 -807.967
3.8286 0.661473 2.8564
36 44 26
3 30 6528 1921.02 -886.808 31 6547 1769.46 -903.155 32 4846 1540.72 -728.37
-2.08416 -0.365085 4.09475
224 219 205
3 29 6808 -449.386 -28.0804 31 1669 -250.428 -127.85 32 4374 -445.731 -99.2018
4.3748 -0.390379 1.99744
34 44 32
3 30 5865 1724 328.129 31 3973 1364.42 307.528 32 4057 1277.89 209.136
-1.74998 -1.06886 4.39124
115 120 121
3 29 4450 -351.099 304.306 30 4042 -237.162 194.906 32 4036 -364.249 203.849
-2.3678 -1.47343 4.5298
108 103 98
3 29 4364 -466.432 418.247 30 3866 -341.951 308.615 32 3879 -471.303 312.831
0.875738 -0.969088 4.58956
66 73 57
3 23 5182 764.402 881.48 27 8525 1434.41 460.594 32 3803 368.838 421.676
0.820359 -1.21892 4.25326
73 71 59
2 30 3714 361.206 523.744 32 3719 193.578 509.763
-0.710213 -1.70765 4.56695
226 227 213
3 30 5675 -16.6851 568.969 31 3708 47.9634 556.503 32 3628 -164.792 560.236
2.24579 1.15015 2.01253
192 189 181
3 30 5463 174.293 -1470.78 31 5398 97.1001 -1454.1 32 3116 98.3364 -1307.97
1.71269 1.10498 1.72546
165 163 133
3 29 7505 -318.958 -1401.93 31 5384 -337.395 -1412.67 32 3111 -316.286 -1306.04
1.55093 1.00664 1.33413
151 145 109
3 29 7496 -732.211 -1451.99 30 5450 -669.016 -1471.6 32 3095 -651.142 -1354.37
1.12572 1.04363 1.37986
188 189 184
3 29 5936 -836.803 -1382.67 30 5389 -754.934 -1406.48 32 3090 -741.151 -1306.1
0.527083 0.950555 0.929721
143 136 130
3 29 5867 -1380.53 -1376.97 30 3160 -1243.57 -1386.97 32 3080 -1196.29 -1316.97
2.46406 1.25581 2.40271
117 138 74
4 29 5966 646.391 -1389.11 30 5415 589.564 -1451.36 31 3342 510.341 -1445.38 32 3036 458.964 -1271.61
2.36636 1.20407 2.19808
200 202 201
3 29 7523 427.298 -1413.55 30 5465 383.066 -1468.53 32 3029 281.054 -1295.42
0.805755 1.08747 1.39944
141 149 92
3 29 7434 -910.25 -1357.17 30 5386 -817.38 -1381.12 32 2996 -806.991 -1288.18
0.809277 1.05718 1.32899
201 205 206
3 29 5871 -970.151 -1359.89 30 5384 -871.811 -1381.13 32 2995 -854.653 -1292.63
0.46956 1.1097 1.43666
146 150 122
3 29 3415 -971.842 -1309.93 30 3074 -868.409 -1335.68 32 2992 -861.333 -1254.37
0.205761 1.0455 1.14945
190 191 186
3 29 5868 -1254.68 -1322.18 30 5317 -1125.75 -1339.59 32 2985 -1100.88 -1271.22
-0.65413 1.0361 0.956663
49 63 63
2 22 6891 -1952.21 -1448.72 32 2981 -1357.16 -1233.57
-1.20251 1.15144 1.18732
86 97 104
3 29 5724 -1447.16 -1213.28 30 5237 -1293.33 -1233.31 32 2876 -1289.18 -1190.27
-1.20251 1.15144 1.18732
86 97 104
3 29 5723 -1447.16 -1213.28 30 5236 -1293.33 -1233.31 32 2875 -1289.18 -1190.27
0.20375 1.41829 2.50113
114 138 78
3 30 2901 -271.644 -1217.4 31 3025 -246.798 -1202.6 32 2802 -328.734 -1122.81
-2.2692 1.51778 2.10241
187 190 161
3 22 7753 -1348.49 -1230.7 30 2877 -939.958 -1146.05 32 2786 -974.69 -1095.37
-3.0099 1.31494 1.21332
158 157 152
3 26 5416 -1719.49 -1305.47 31 2903 -1322.63 -1130.51 32 2779 -1456.3 -1135.2
-5.11385 1.26711 0.527445
213 219 212
3 30 2760 -1851.09 -1121.47 31 2894 -1692.96 -1086.67 32 2771 -1880.27 -1122.87
3.97033 0.698075 2.3577
49 55 53
3 30 5219 1798.46 -1193.03 31 5229 1576.26 -1205.65 32 2748 1421.47 -983.796
3.86509 0.713702 2.46594
95 96 90
3 30 6623 1738.96 -1134.44 31 3066 1542.33 -1147.52 32 2652 1383.14 -940.405
-5.23616 1.74904 3.09559
37 41 43
3 30 2608 -908.228 -953.143 31 2725 -785.322 -938.495 32 2591 -974.792 -915.196
-5.30532 1.73421 2.961
31 33 35
3 30 2607 -957.479 -961.796 31 2724 -832.863 -946.328 32 2590 -1022.36 -925.036
3.4422 0.831399 2.84497
101 126 65
3 30 5091 1537.91 -1034.55 31 5091 1415.67 -1046.46 32 2550 1243.38 -866.863
3.58735 0.768681 2.86393
60 73 46
3 30 5038 1681.47 -977.649 31 5094 1549.85 -991.793 32 2477 1356.54 -813.654
3.67856 0.703112 2.91876
26 48 26
3 30 4985 1794.55 -894.344 31 5029 1660.66 -909.007 32 2392 1445.93 -739.202
0.688795 -0.344943 4.03972
230 223 208
4 25 5493 393.636 351.563 30 1379 341.633 22.542 31 1409 375.616 15.8381 32 1412 192.078 44.3159
0.287029 -0.465101 4.2596
41 41 33
3 29 1445 217.079 200.289 30 1230 284.035 75.5068 32 1278 136.589 96.0176
-4.44507 -2.68779 4.50265
203 212 210
3 30 567 -739.473 539.835 31 572 -623.765 523.184 32 577 -875.917 533.876
-4.31688 -2.63247 4.78291
152 168 175
3 30 469 -639.421 543.38 31 578 -526.017 527.584 32 469 -777.756 540.966
-2.19753 -0.154296 4.08291
240 241 235
3 30 4462 -338.109 -205.332 31 4491 -253.807 -213.527 32 4448 -447.087 -182.398
-0.311573 -1.91687 4.67982
47 48 58
5 30 7791 100.9 719.816 23 8203 139.079 1193.02 24 9161 -163.331 1277.14 25 7802 85.2271 1095.58 31 7808 159.377 706.234
0.69043 -1.11791 4.30908
58 57 40
6 21 5239 622.181 973.98 22 5630 488.549 874.708 2 6147 1334.81 1216.13 8 6019 1016.36 839.055 13 4221 789.082 440.73 31 3877 388.605 446.859
0.7807 1.49617 3.47519
143 125 110
7 30 9233 390.499 -1089.56 23 8782 563.968 -1117.86 24 9781 97.625 -1111.01 25 8719 483.697 -1187.94 26 9522 473.603 -1286.95 31 9251 409.507 -1088.59 32 9206 272.293 -972.685
1.3148 1.39446 4.79254
100 99 97
4 30 9150 1114.03 -793.505 31 9164 1151.17 -803.336 26 9483 1566.88 -868.88 28 10321 1478.66 -831.017
0.686434 -0.138609 4.01445
107 98 87
7 27 9619 1105.35 -582.733 31 7995 390.038 -95.2367 4 9988 1070.87 510.344 7 9142 1279 348.08 18 8739 1139.68 262.608 19 8309 889.635 206.445 20 8637 738.404 247.81
-5.18942 0.521037 2.19029
14 18 15
5 23 7673 -1662.65 -577.326 30 7492 -1294.54 -661.46 23 6986 -1662.46 -577.503 26 7738 -1369.65 -712.003 31 7433 -1159.64 -649.5
-0.04145 1.17539 3.55729
81 80 82
8 26 8463 119.446 -939.554 28 9272 19.4646 -896.835 20 4734 246.197 -768.043 21 6037 258.785 -717.825 22 6593 118.278 -814.886 23 4552 138.248 -801.964 23 7043 140.597 -800.844 31 6498 148.691 -848.84
0.693498 1.49352 2.78386
106 103 97
5 25 6384 -44.1458 -1407.84 23 7204 96.7324 -1339.01 29 5763 -12.2545 -1183.71 31 5261 45.8234 -1235.32 32 2813 -48.0415 -1128.6
-5.21248 0.719015 3.74154
16 27 16
8 23 4351 -1036.18 -486.641 24 4897 -1392.61 -374.089 29 5244 -934.522 -518.215 20 4505 -1503.88 -413.517 21 1792 -1289.21 -475.451 30 2167 -790.249 -571.955 31 2312 -671.548 -569.341 32 4723 -879.366 -545.782
-0.0166388 0.193388 3.9408
138 129 114
9 24 1693 -183.378 -44.4541 25 1504 150.527 -149.754 19 5721 405.335 -78.6768 20 4285 311.905 -34.5806 21 4008 285.418 -14.2194 22 4476 167.442 -110.863 27 8355 462.585 -1112.19 31 1955 192.908 -307.464 23 1471 199.689 -85.4124
-0.18453 -0.0556765 4.04054
66 66 67
12 30 1667 108.6 -176.255 27 9098 337.013 -842.248 21 6786 207.274 136.199 22 6164 104.034 43.8574 23 5678 142.982 74.7129 24 6470 -227.184 123.802 25 4016 102.749 8.20496 28 1894 53.6343 23.541 29 4881 31.2844 -68.5061 30 4393 108.716 -176.251 31 1824 158.21 -181.49 32 1657 -18.9185 -143.503
0.182669 -0.528463 4.14368
140 137 128
7 25 5436 207.978 380.493 30 1223 198.522 86.3516 24 6179 -81.0065 479.869 26 4118 243.237 342.63 29 4618 125.218 212.375 31 1253 242.932 78.3483 32 1273 56.1321 103.6
-0.785604 -0.872307 3.25735
38 24 20
8 29 1415 -568.716 212.444 30 1201 -454.676 96.6709 31 1230 -394.43 88.0198 20 5670 -490.444 586.768 21 3534 -523.488 519.917 22 3885 -620.807 418.161 27 7996 -907.698 -139.337 32 1259 -558.509 92.0275
2.03801 1.44254 3.15338
144 156 110
2 30 9336 802.199 -1269.12 31 9348 773.138 -1269.82
-0.11884 0.115895 3.08852
73 74 66
2 30 9326 -254.042 -380.936 31 9336 -212.619 -380.121
-0.383173 -0.37691 3.87514
45 57 46
3 29 10241 -133.653 59.4658 30 9323 -47.1572 -51.8909 32 9293 -171.878 -31.2415
