# Bundle file v0.3
36 8701
5337.93 -0.101665 0
1 2.94488e-05 0.000641769
2.97293e-05 -1 -0.000437142
0.000641756 0.000437161 -1
-1.5893 -1.09563 -5.33847
4696.96 -0.114379 0
0.896299 -0.0596504 -0.439419
-0.0620751 -0.998032 0.00886423
-0.439083 0.019332 -0.898238
-1.62508 -0.808245 -4.14093
5468.03 -0.0995373 0
0.936006 -0.058684 -0.347058
-0.0558647 -0.998274 0.0181325
-0.347523 0.00241611 -0.937668
-1.73751 -0.92127 -5.0737
4380.84 -0.125135 0
0.891685 -0.091403 -0.443333
-0.098001 -0.995154 0.00806187
-0.441921 0.0362584 -0.896321
-0.944905 -0.510677 -2.58572
4342.98 -0.121674 0
0.763466 -0.0872307 -0.63993
-0.0818643 -0.995915 0.0380882
-0.640639 0.0233084 -0.767488
-0.643056 -0.232349 -1.47979
5359.99 -0.110901 0
0.989297 -0.0250214 -0.143756
-0.0251679 -0.999683 0.000799895
-0.14373 0.00282669 -0.989613
-1.97107 -1.10718 -5.51056
5340.16 -0.110112 0
0.996566 0.0245964 0.0790608
0.024949 -0.999683 -0.00347494
0.0789503 0.0054355 -0.996864
-1.5972 -1.19485 -5.53417
5352.45 -0.104794 0
0.999547 0.0127148 0.0272959
0.0120503 -0.99963 0.0243717
0.0275957 -0.0240317 -0.99933
-2.3295 -1.06567 -5.56429
4369.5 -0.112818 0
0.482024 -0.138603 -0.865126
-0.094564 -0.98987 0.1059
-0.87104 0.0307636 -0.490248
0.195894 -0.0367913 -1.04846
4319.51 -0.116966 0
0.219497 -0.13518 -0.966202
-0.0925742 -0.988771 0.117307
-0.971211 0.0636968 -0.229547
0.904682 0.0133875 -1.14996
4336.21 -0.129591 0
0.0581608 -0.109782 -0.992253
-0.127738 -0.986583 0.101668
-0.990101 0.120835 -0.0714038
1.38155 -0.00707626 -1.65162
4328.17 -0.128552 0
-0.0840523 -0.124004 -0.988715
-0.184584 -0.973117 0.13774
-0.979216 0.194079 0.0589034
1.91279 -0.202664 -2.3224
4337.15 -0.0962073 0
0.509409 -0.138564 -0.849295
0.168944 -0.951639 0.256595
-0.843777 -0.274195 -0.461364
0.837904 -0.0477 0.806896
4316.42 -0.10775 0
0.529472 -0.134813 -0.837547
0.18561 -0.944961 0.26944
-0.827773 -0.298119 -0.475308
-0.178518 -0.123295 0.832853
4342.55 -0.127242 0
0.480226 -0.147065 -0.864728
0.201508 -0.94098 0.27194
-0.853685 -0.304842 -0.422248
0.339961 -0.124654 0.874701
4307.82 -0.0989394 0
0.74776 -0.108194 -0.655095
0.163678 -0.926149 0.339792
-0.643479 -0.361307 -0.674827
-1.08307 -0.15325 0.69799
4340.43 -0.0998536 0
-0.0341377 -0.175918 -0.983813
0.20776 -0.964131 0.165189
-0.977584 -0.198758 0.0694619
1.73335 0.101445 0.0335551
4365.02 -0.11438 0
0.81866 -0.0909665 -0.567028
0.127575 -0.933896 0.334012
-0.559928 -0.345781 -0.752938
-1.5733 -0.124631 0.573727
4317.68 -0.127559 0
-0.251355 -0.119038 -0.960547
-0.206835 -0.962878 0.173452
-0.945537 0.242273 0.217403
2.30457 -0.381003 -3.08648
4344.89 -0.10217 0
-0.190507 -0.151715 -0.969892
0.212143 -0.971003 0.110219
-0.95849 -0.184758 0.217168
2.07802 0.217509 -0.259528
5000.86 -0.103771 0
0.894779 -0.145709 -0.422066
-0.327281 -0.857037 -0.397962
-0.30374 0.494222 -0.814547
-1.20564 -0.255525 -0.218072
5003.14 -0.097841 0
0.767452 -0.168202 -0.618648
-0.4586 -0.818343 -0.346411
-0.448 0.549566 -0.705176
-0.59532 -0.019625 0.11066
5003.87 -0.0960708 0
0.504006 -0.128974 -0.854016
-0.569162 -0.793322 -0.216089
-0.64964 0.594984 -0.473246
0.350703 0.0520478 0.18028
4997.53 -0.106472 0
0.966422 -0.102057 -0.235822
-0.197717 -0.881512 -0.42877
-0.164121 0.460999 -0.872092
-1.7967 -0.518069 -0.553961
4999.64 -0.118613 0
0.999409 -0.0329242 0.00990319
-0.0260194 -0.912566 -0.408102
0.0224737 0.407603 -0.912883
-2.10588 -0.966451 -1.21513
4362.07 -0.111865 0
0.974478 -0.052203 -0.21833
0.0249535 -0.941368 0.336458
-0.223093 -0.333319 -0.916039
-2.26986 0.0577242 -0.146791
4312.62 -0.141128 0
-0.358513 -0.166023 -0.918643
-0.178897 -0.953601 0.242158
-0.916223 0.251159 0.312178
2.77516 -0.60262 -3.76367
4972.76 -0.104524 0
0.00191041 -0.124867 -0.992172
-0.658011 -0.747271 0.092779
-0.753006 0.652682 -0.0835916
1.72066 -0.305595 -0.403558
4308.42 -0.0903523 0
-0.437316 -0.1357 -0.889011
0.207192 -0.977159 0.047235
-0.875115 -0.163539 0.455444
2.26275 0.422226 -0.977737
4987.48 -0.100174 0
-0.245003 -0.135814 -0.959963
-0.574064 -0.77759 0.256525
-0.781297 0.613929 0.112546
2.42198 -0.709135 -1.04263
4993.91 -0.108729 0
0.998537 0.0238779 0.0485109
0.0423368 -0.903351 -0.426807
0.0336311 0.428236 -0.903041
-2.42066 -1.09952 -1.12926
4308.56 -0.128036 0
-0.582225 -0.141314 -0.800653
-0.187366 -0.93495 0.301268
-0.791144 0.325421 0.517874
2.75934 -0.928456 -4.58453
4975.08 -0.105263 0
-0.522835 -0.161708 -0.836955
-0.410479 -0.812751 0.413452
-0.747095 0.55972 0.358557
2.66968 -1.30309 -2.18635
4312.79 -0.128916 0
-0.714044 -0.12231 -0.689334
-0.168121 -0.925854 0.338424
-0.679615 0.357541 0.640537
2.67373 -1.14629 -5.19707
4317.28 -0.123161 0
-0.803241 -0.0485648 -0.593671
-0.183821 -0.927813 0.324611
-0.56658 0.36987 0.736331
2.10418 -1.00818 -5.18519
4289.01 -0.0714276 0
-0.629241 -0.11548 -0.768583
0.218129 -0.975394 -0.03203
-0.745973 -0.187805 0.638947
2.26508 0.621008 -1.39256
2.86146 -0.213163 -0.477544
30 33 35
4 8 4980 2548.35 -185.878 10 1605 1925.19 -197.9 28 5911 1684.29 1378.05 35 4333 958.104 1636.07
1.63948 0.445417 0.814965
81 100 33
4 16 7232 2105.74 390.28 19 5837 2205.04 541.499 28 885 1526.93 731.739 35 749 1085.13 1010.03
2.8693 -0.255982 -0.461563
46 49 49
5 8 1733 2534.36 -129.378 9 1748 2188.71 -57.1809 10 1604 1911.4 -157.093 28 303 1670.01 1430.17 35 67 943.324 1687.19
2.74784 0.101914 -0.58914
0 0 0
2 28 8955 1805.79 991.963 35 10191 1079.9 1261.23
0.914416 0.722002 2.34661
0 0 0
2 28 8053 -1650.29 88.2122 35 9260 -1183.15 245.678
3.17382 -0.147808 -2.20488
0 0 0
2 28 7955 2499.08 983.868 35 9130 1623.8 1249.74
2.8454 -0.000739523 -0.490118
0 0 0
2 28 3955 1662.73 1130.78 35 4486 943.169 1394.09
2.73376 0.174173 -0.579312
0 0 0
2 28 659 1795.83 910.637 35 456 1073.96 1181.09
2.84618 -0.270655 -0.502574
0 0 0
2 28 310 1725.02 1440.43 35 65 994.552 1696.09
3.125 -0.192471 -1.83137
78 99 102
2 28 7211 2348.57 1080.86 35 6854 1501.35 1343.09
1.57261 0.446591 0.734427
31 48 13
2 28 4176 1742.28 700.431 35 4747 1283.89 982.986
3.04493 -0.162554 -1.5978
86 96 95
2 28 3975 2276.28 1092.18 35 320 1447.56 1353.49
3.07727 -0.219036 -1.64276
134 144 139
2 28 3973 2285.63 1138.55 35 319 1452.36 1397.28
0.957042 0.884344 1.80468
106 74 75
2 28 8169 452.478 -598.053 35 9365 664.057 -346.387
0.906304 0.883997 1.18718
143 158 162
2 28 4960 2112.29 -603.44 35 5595 1946.21 -234.356
0.906304 0.883997 1.18718
143 158 162
2 28 4959 2112.29 -603.44 35 5594 1946.21 -234.356
0.842205 0.907761 1.29637
140 162 176
2 28 5007 2043.72 -756.38 35 2218 1962.89 -378.671
0.838118 1.03234 2.12541
78 93 98
8 31 2683 468.729 -1563.81 33 2182 507.554 -1595.07 34 2106 136.594 -1632.77 35 10307 -74.8992 -1351.67 11 4841 -582.766 -1609.33 18 3637 -94.8401 -1580.22 26 3123 412.374 -1435.31 28 8912 -622.503 -1458.08
0.915502 0.876248 2.20082
127 141 146
2 31 3340 371.176 -1373.08 35 10437 -531.949 -536.274
0.879284 0.657393 2.23342
0 0 0
2 26 1420 345.05 -976.028 31 1297 399.614 -1129.1
2.74773 -0.00286483 -0.616184
135 145 149
3 28 8405 1849 1107.18 35 9586 1115.27 1372.88 31 3222 991.254 -974.456
3.03595 -0.35584 -4.57251
126 135 150
2 34 1994 979.991 -1111.93 35 9157 2495.32 1133.83
2.98781 -0.0404492 -1.56887
136 159 169
2 26 4641 1873.19 -880.537 35 9129 1459.79 1244.01
3.42175 -0.749168 -4.93084
172 179 189
3 33 2065 1432.8 -1038.95 34 1931 896.342 -983.84 35 8265 2383.32 1349.08
1.81795 0.337474 0.948914
204 208 207
2 28 7226 1124.19 997.232 35 6890 680.431 1270.67
1.5694 0.437267 0.709056
48 59 20
2 28 4178 1785.52 712.07 35 4748 1319.94 994.837
2.81847 -0.271255 -0.497404
0 0 0
3 9 5070 2246.37 -39.9868 28 311 1746.18 1444.21 35 4334 1015.47 1699.29
0.861802 0.826809 2.17539
0 0 0
3 19 2442 -1782.29 -900.894 28 2060 -785.257 -510.742 35 2159 -238.209 -361.046
1.49882 0.55576 0.749142
81 102 42
2 28 1259 1797.73 466.02 35 971 1356.07 760.673
2.79797 0.0439918 -0.878957
126 148 147
2 28 662 1987.4 1004.97 35 460 1228.91 1272.26
2.85213 -0.0421303 -0.977283
122 146 150
2 28 3968 2025.15 1081.15 35 316 1254.43 1344.67
2.80805 -0.100501 -0.797481
80 94 94
2 28 3911 1948.61 1180.98 35 306 1193.55 1442.17
2.22507 -0.0242342 0.407311
131 131 129
2 28 3837 1435.58 1429.1 35 60 841.345 1693.24
1.00473 -0.471687 2.50814
119 123 126
3 33 3975 277.041 -28.7277 32 2724 261.686 -637.37 34 3944 -178.366 63.6532
1.02003 -1.08219 2.64048
90 87 83
3 31 4804 200.452 675.056 33 3970 241.815 541.366 34 3938 -234.927 678.982
2.7296 -0.00539652 -2.98387
34 42 55
2 33 3843 1307.12 -1226.58 34 3810 802.517 -1178.87
3.01782 -0.149916 -1.88527
15 19 22
3 31 4763 1337.07 -1014.71 33 3834 917.436 -1075.44 34 3803 414.268 -1044.88
0.936218 -1.10834 2.62288
26 24 29
3 31 4534 268.312 718.757 33 3727 314.677 576.412 34 3704 -155.096 715.387
3.38064 -0.802157 -2.30325
18 23 17
3 26 5780 2036.32 -534.949 33 3638 896.606 -806.963 34 3588 376.083 -771.347
1.45824 0.574629 -0.347047
36 43 51
2 33 3166 1221.02 -1383.47 34 3381 779.114 -1347.77
2.70946 0.413462 3.72737
0 0 0
2 26 4551 -1436.47 -492.479 33 3377 -1754.91 -674.696
1.40823 -0.9836 2.92557
53 58 64
3 18 4738 -790.574 833.786 31 2846 -250.497 580.073 34 2732 -733.911 608.329
1.30464 -1.01181 2.86208
104 110 110
2 31 3517 -143.178 611.117 34 2714 -608.475 635.624
0.863719 0.990713 2.1386
20 25 21
2 33 2755 481.08 -1547.64 34 2638 105.313 -1581.93
2.98132 -0.244752 -2.14269
32 36 46
2 33 2685 1003.78 -1050.01 34 2542 497.732 -1014.28
3.62841 -1.27373 -5.19885
21 26 30
3 31 3774 1967.93 -782.412 33 2619 1411.54 -862.561 34 2493 866.39 -808.449
1.89346 0.525279 -0.536841
40 47 59
2 33 2134 1034.75 -1356.83 34 2058 577.538 -1328.74
3.05461 -0.444188 -5.53246
0 0 0
2 31 2551 2242.64 -1129.45 33 2108 1660.77 -1186.76
3.5614 -0.858141 -5.04024
62 79 84
3 31 3236 1956.88 -934.589 34 1929 865.257 -951.214 35 9121 2337.75 1401.66
4.13865 -1.88497 -6.76316
17 18 19
3 31 1071 2091.27 -685.981 33 1955 1499.04 -774.048 34 1789 933.005 -718.254
2.31388 0.296296 3.35425
89 88 93
3 31 839 -1220.87 -584.075 33 792 -1249.87 -635.093 34 1761 -1885.76 -663.36
1.94809 0.0181699 3.13023
104 108 107
3 26 694 -753.714 -197.467 33 551 -833.606 -410.116 34 1601 -1411.98 -392.751
2.09863 -0.0225829 3.17345
22 26 26
3 31 559 -928.624 -320.163 33 1650 -940.767 -376.651 34 1598 -1535.48 -359.118
1.58081 -2.44991 1.98477
33 38 56
3 31 1675 452.549 1262.66 33 1372 345.572 1110.73 34 1308 -173.261 1251.15
0.877193 0.998317 2.17497
20 22 22
4 26 1751 347.313 -1383.57 31 1548 404.607 -1516.2 34 1235 70.3071 -1588.17 35 9821 -373.15 -1166.09
2.64849 0.317488 -1.39471
19 21 20
3 33 1230 929.597 -1283.11 34 1122 444.958 -1258.74 35 8353 1599 914.237
1.00527 0.648854 1.78773
33 46 29
2 33 1225 608.683 -1238.05 34 1114 207.387 -1236.3
0.969679 0.72007 1.90049
38 65 40
3 33 1222 565.71 -1292.59 34 1111 169.263 -1297.87 35 10010 459.203 286.123
3.34158 -0.498624 -5.2063
25 29 34
3 31 1324 2070.42 -1090.16 34 1059 969.759 -1091.56 35 6962 2466.19 1170.08
3.43023 -0.742076 -5.0274
41 48 54
3 31 1249 2001.81 -980.275 34 957 908.471 -991.464 35 4519 2400.11 1334.42
3.45498 -0.806224 -5.04399
88 101 117
3 31 1246 1996.45 -954.875 34 956 902.534 -968.815 35 6868 2395.96 1370.89
3.56806 -0.901512 -5.02951
25 33 33
3 31 1238 1953.03 -916.913 34 952 859.429 -935.177 35 4515 2336.56 1429.27
3.00988 -0.261074 -1.50204
47 57 64
3 26 3844 1846.47 -743.617 31 2455 1213.5 -918.343 34 945 314.394 -958.818
1.52438 0.573819 3.32387
59 81 100
3 31 1116 -955.287 -822.852 33 951 -849.214 -885.296 34 923 -1401.02 -926.016
4.20305 -1.08072 -2.70054
8 14 12
3 31 2333 1157.35 -667.269 33 1850 699.681 -743.613 34 719 167.269 -716.699
1.92381 0.000498339 3.13818
110 130 144
3 26 693 -752.957 -176.892 33 552 -824.769 -389.521 34 508 -1399.1 -368.692
9.72291 -8.93504 -9.51425
103 119 139
2 31 4889 1263.37 577.664 34 4011 77.2461 494.495
1.4871 1.11083 2.88002
14 15 19
2 33 3699 -543.13 -1546.48 34 3668 -1026.69 -1655.7
0.953074 0.947685 1.66026
11 15 13
2 33 3180 696.718 -1542.03 34 3064 313.641 -1557.05
0.953074 0.947685 1.66026
11 15 13
2 33 3179 696.718 -1542.03 34 3065 313.641 -1557.05
2.02329 0.197766 3.12498
109 118 123
3 31 5019 -900.985 -525.957 33 4175 -900.926 -581.345 34 4173 -1486.73 -586.695
2.02531 -0.102189 3.15581
13 18 20
2 31 4971 -870.832 -246.301 33 4133 -873.711 -300.989
2.02531 -0.102189 3.15581
13 18 20
2 31 4970 -870.832 -246.301 33 4132 -873.711 -300.989
3.49386 -0.590629 -5.27992
22 27 33
3 33 4091 1465.17 -1120.67 34 4054 930.68 -1063.62 35 10519 2402.16 1219.44
3.41642 -0.563404 -5.11788
22 27 33
3 31 4921 2024.05 -1058.3 33 4090 1465.17 -1120.67 34 4053 930.68 -1063.62
9.5174 -7.50145 -9.54053
99 114 137
2 31 4893 1291.17 312.882 34 4014 103.319 232.696
1.3226 0.90002 3.78185
40 58 88
2 31 4865 -1450.82 -1092.66 34 3989 -1843.25 -1269.64
3.88436 -1.16237 -4.93149
72 76 81
3 31 4856 1821.39 -812.3 33 4014 1277.49 -887.115 34 3975 736.625 -840.168
2.0228 0.0282099 3.13753
109 118 120
2 31 4830 -879.061 -364.676 33 3991 -881.744 -425.015
1.3736 -1.03207 2.94536
90 93 86
2 18 6619 -799.171 897.515 33 3967 -196.828 537.204
2.66438 -0.932872 3.84481
86 91 88
3 31 4805 -1470.5 509.602 33 3964 -1529.57 494.069 34 3941 -2243.43 608.346
1.46792 1.01479 2.63828
41 38 43
3 31 4785 -368.126 -1421.2 33 3955 -322.644 -1475.87 34 3998 -790.658 -1557.45
1.57635 0.970105 2.6632
55 74 92
2 31 4784 -439.113 -1363.56 33 3945 -409.23 -1418.11
1.58847 0.708486 2.73711
59 81 102
3 31 4662 -465.157 -1084.71 33 3935 -433.508 -1141.45 34 3910 -927.779 -1191.87
1.70887 0.515721 2.86578
101 105 109
3 31 4634 -601.646 -866.36 33 3924 -576.666 -927.306 34 3899 -1098.7 -961.088
4.22097 -1.43017 -4.85081
68 80 91
3 31 4747 1692.01 -708.756 33 3912 1156.12 -791.629 34 3877 611.526 -748.056
1.00578 -0.926979 2.58624
113 114 114
3 31 4716 232.096 524.063 33 3865 268.423 394.885 34 3851 -197.872 520.284
1.4432 -1.10398 3.01814
18 18 18
4 31 4710 -324.351 705.217 32 2717 -765.21 442.53 33 3863 -280.328 606.048 34 3936 -811.098 745.753
1.53668 -1.09988 3.06603
15 20 23
3 31 4709 -408.277 691.57 33 3862 -369.348 599.224 34 3935 -913.125 736.529
1.58787 0.622113 2.74648
106 111 117
3 31 4648 -458.116 -994.158 33 3831 -427.22 -1054.01 34 3800 -924.221 -1094.63
3.52249 -0.790169 -5.06964
65 79 92
4 31 4765 1977.25 -963.108 33 3826 1420.92 -1032.42 34 3791 883.539 -977.738 35 10410 2360.44 1357.95
3.52249 -0.790169 -5.06964
65 79 92
4 31 4764 1977.25 -963.108 33 3825 1420.92 -1032.42 34 3790 883.539 -977.738 35 10411 2360.44 1357.95
4.09192 -1.11876 -4.94451
42 53 55
4 31 4641 1752.14 -832.203 33 3824 1211.92 -909.852 34 3781 670.845 -865.14 35 10335 2041.79 1561.19
3.7293 -1.31315 -4.95888
44 53 56
3 31 4631 1882.58 -751.481 33 3810 1336.36 -831.413 34 3782 792.552 -781.482
4.08084 -1.3189 -4.89349
34 42 46
3 31 4628 1746.99 -752.437 33 3809 1208.55 -831.7 34 3778 664.092 -785.907
4.08084 -1.3189 -4.89349
34 42 46
3 31 4629 1746.99 -752.437 33 3808 1208.55 -831.7 34 3779 664.092 -785.907
4.21236 -1.17832 -4.89287
62 72 73
4 31 4640 1700.07 -809.226 33 3807 1165.57 -884.427 34 3780 622.564 -841.039 35 10332 1969.41 1597.41
4.41613 -1.42023 -4.8081
71 78 86
3 31 4624 1618.1 -715.517 33 3806 1086.89 -794.924 34 3764 540.57 -754.499
1.55251 0.424012 2.74446
68 89 110
3 31 4636 -404.674 -797.232 33 3800 -374.633 -858.565 34 3886 -870.659 -873.841
1.62276 0.414758 2.80191
72 93 114
3 31 4635 -487.582 -776.849 33 3799 -459.17 -840.438 34 3885 -969.411 -858.059
3.96532 -1.62165 -5.02845
46 57 61
3 31 4627 1817.51 -644.01 33 3793 1273.37 -730.548 34 3766 725 -683.22
2.87095 -0.88757 3.99037
56 78 95
2 31 4543 -1645.83 470.621 33 3731 -1731.71 465.249
1.52632 0.910438 2.66608
56 63 73
3 31 4476 -405.598 -1304.61 33 3685 -369.798 -1359.67 34 3640 -845.623 -1431.88
1.61786 0.967315 2.71335
60 77 94
3 31 4491 -503.595 -1349.93 33 3683 -474.408 -1406.84 34 3652 -961.406 -1490.72
1.60746 0.494424 2.79241
67 85 108
3 31 4420 -485.56 -857.037 33 3652 -455.159 -919.894 34 3786 -960.274 -946.046
1.75025 0.513046 2.89528
55 72 87
3 31 4417 -645.876 -858.508 33 3651 -624.176 -919.918 34 3600 -1152.67 -954.58
4.00983 -1.20892 -4.97612
72 79 84
4 31 4426 1787.24 -799.29 33 3643 1246.7 -876.654 34 3590 702.395 -829.579 35 10177 2103.42 1609.45
3.96234 -1.40596 -4.87285
78 88 98
3 31 4404 1784.16 -713.784 33 3642 1243.21 -797.254 34 3568 700.467 -748.443
4.41005 -1.506 -4.76837
65 78 81
3 31 4403 1612.58 -680.248 33 3640 1082.12 -762.771 34 3564 535.867 -719.017
1.5993 0.452801 2.77995
112 114 118
3 31 4418 -463.705 -817.647 33 3634 -433.606 -881.694 34 3601 -939.15 -902.502
1.5993 0.452801 2.77995
112 114 118
3 31 4419 -463.705 -817.647 33 3633 -433.606 -881.694 34 3602 -939.15 -902.502
1.80463 0.473363 2.99697
30 33 40
3 31 4416 -751.78 -801.06 33 3632 -728.596 -861.17 34 3585 -1273.38 -894.007
0.970132 -0.124688 2.4363
89 105 120
2 31 4330 272.471 -270.415 33 3569 314.306 -366.648
2.15454 -0.866314 3.50321
104 112 114
2 31 4303 -1056.47 478.586 33 3530 -1060.85 432.914
2.45805 -0.868788 3.7189
55 71 87
3 31 3979 -1327.22 473.279 33 3527 -1362.9 445.672 34 3471 -2045.87 555.617
2.72941 -0.844217 3.89999
53 76 94
2 26 5323 -1328.1 531.947 33 3524 -1618.88 431.365
0.979767 0.928923 1.46427
37 55 67
3 31 4248 868.046 -1509.1 33 3484 781.083 -1539.15 34 3396 396.296 -1547.06
1.42906 1.07005 2.63284
76 108 146
3 31 4242 -351.284 -1484.96 33 3479 -302.19 -1536.73 34 3405 -759.711 -1624.74
1.46251 1.07352 2.65092
74 115 146
3 31 4241 -386.155 -1483.58 33 3478 -339.187 -1535.19 34 3403 -801.998 -1625.91
1.54069 1.0023 2.64622
43 37 43
3 31 3878 -411.137 -1401.57 33 3477 -378.671 -1456.76 34 3391 -850.263 -1538.92
1.55762 0.985702 2.66698
58 73 93
3 31 3877 -435.215 -1382.46 33 3469 -404.203 -1433.67 34 3390 -877.807 -1517.28
2.88428 0.0258436 -2.68027
19 27 23
3 31 4202 1633.99 -1165.21 33 3464 1171.57 -1220.88 34 3375 668.486 -1181.92
2.96517 -0.138271 -2.98566
53 70 85
3 31 4464 1688.78 -1104.38 33 3446 1212.02 -1164.83 34 3356 702.73 -1120.98
1.547 0.479546 2.74652
105 113 119
3 31 4159 -413.102 -850.389 33 3424 -379.933 -913.527 34 3603 -875.716 -934.306
1.53701 0.695733 3.34723
7 8 12
3 31 4172 -1011.21 -950.362 33 3423 -902.133 -1012.81 34 3616 -1457.46 -1075.13
3.58975 -1.24337 -4.9161
80 90 97
4 31 4427 1924.32 -772.778 33 3415 1374.34 -852.603 34 3311 831.253 -800.313 35 10178 2333.5 1648.49
3.63138 -1.4069 -5.00208
73 93 94
3 31 4146 1926.95 -714.783 33 3414 1377.54 -798.449 34 3280 832.641 -747.479
1.78212 0.365285 2.9545
99 108 110
3 31 4392 -684.771 -703.549 33 3408 -664.658 -765.781 34 3586 -1203.93 -783.622
0.90685 0.0700428 2.35228
94 101 107
3 31 4062 357.763 -479.75 33 3346 397.602 -568.994 34 3252 -26.2153 -523.411
1.36611 0.11808 2.67353
88 108 130
3 18 4999 -708.465 -355.79 33 3343 -156.278 -573.184 34 3245 -638.46 -545.796
2.22952 -0.903287 3.552
76 82 85
3 31 3968 -1114 505.246 33 3245 -1127.09 463.734 34 3145 -1770.28 578.879
2.16467 -0.948078 3.4964
95 99 102
2 26 4904 -920.867 664.749 33 3231 -1045.08 492.728
0.976884 -1.15043 2.78085
40 38 41
3 31 3938 126.557 801.082 33 3226 191.697 665.764 34 3126 -287.783 816.718
1.56119 -1.09656 3.20714
69 78 85
3 31 3952 -533.706 731.507 33 3220 -483.541 646.451 34 3123 -1037.95 791.174
0.924129 0.861926 1.69177
7 9 6
3 31 4234 757.376 -1419.3 33 3178 708.709 -1459.34 34 3063 323.602 -1465.53
1.49142 0.897554 2.6346
54 58 67
3 31 3848 -357.487 -1297.69 33 3161 -320.687 -1352.79 34 3048 -791.402 -1420.95
1.60868 0.997664 2.70891
36 36 39
3 31 3876 -500.666 -1383.04 33 3160 -467.465 -1439.12 34 3389 -956.227 -1526.13
3 -0.0754143 -3.01809
24 29 27
3 31 4201 1681.49 -1137.95 33 3145 1205.21 -1195.23 34 3357 694.452 -1153.49
1.69449 0.862799 2.78762
52 59 69
3 31 3845 -588.158 -1227.73 33 3141 -563.235 -1286.32 34 3379 -1068.49 -1361.19
1.67155 0.808487 2.76155
84 98 99
3 31 3301 -544.542 -1176.77 33 3139 -521.919 -1237.87 34 3029 -1021.18 -1302.58
3.57269 -0.762683 -5.1132
86 98 114
3 31 4176 1967.48 -976.439 33 3125 1410.76 -1046.45 34 3330 874.965 -992.268
3.98169 -0.76071 -5.01372
47 54 60
4 31 3800 1801.14 -975.638 33 3124 1255.51 -1042.58 34 2987 718.593 -995.809 35 9591 2084.49 1345.84
1.52837 0.496413 2.72551
77 98 119
3 31 3760 -388.136 -870.472 33 3099 -356.127 -933.641 34 3326 -845.602 -956.541
1.52837 0.496413 2.72551
77 98 119
3 31 3759 -388.136 -870.472 33 3098 -356.127 -933.641 34 3327 -845.602 -956.541
1.50733 0.477666 2.70966
112 119 129
3 31 3761 -360.646 -853.837 33 3097 -326.73 -918.604 34 3328 -815.57 -937.574
1.57533 0.412057 2.77588
99 109 109
3 31 3758 -441.189 -777.523 33 3081 -409.852 -841.599 34 2956 -912.362 -857.54
1.82362 0.524924 3.56669
96 103 93
3 31 3716 -1303.28 -727.073 33 3075 -1233.09 -783.081 34 2950 -1855.27 -829.732
3.62591 -1.52332 -4.99557
74 84 94
3 31 4145 1928.09 -668.121 33 3050 1379.14 -755.706 34 2926 832.79 -704.284
4.9125 -1.62474 -5.16738
64 75 78
3 26 5062 2401.32 -473.103 33 3046 1002.73 -759.134 34 2924 454.484 -721.841
2.01675 -0.919287 3.39662
48 64 85
3 31 3512 -909.979 522.683 33 2868 -902.205 467.832 34 3147 -1513.77 585.69
2.27124 -0.901405 3.58135
32 39 49
3 26 3440 -1015.76 619.004 33 2865 -1168.44 463.691 34 2724 -1819.54 577.886
2.56567 -0.889328 3.79544
86 94 95
2 31 2834 -1414.64 485.582 33 2864 -1463.01 465.834
2.0917 -1.03172 3.58826
53 63 70
3 31 3485 -1071.04 655.281 33 2850 -1061.82 611.252 34 3136 -1698.38 747.663
1.64709 0.816111 2.75407
43 63 71
3 31 2589 -527.602 -1187 33 2706 -500.552 -1246.8 34 2594 -998.958 -1312.59
3.34558 -0.627614 -5.92501
70 84 103
3 31 3831 2209.12 -1080.76 33 2690 1620.27 -1141.49 34 3014 1079 -1075.87
3.31839 -0.610352 -5.04715
23 27 29
3 33 2689 1488.63 -1098.76 34 2581 952.552 -1041.48 35 8285 2456.82 1251.94
3.48374 -0.676516 -5.14131
41 41 49
3 31 3238 2004.89 -1014.11 33 2688 1446.52 -1079.15 34 2548 910.274 -1023.29
3.5548 -0.542874 -5.09133
29 30 36
4 31 3280 1967.75 -1065.61 33 2687 1411.7 -1126.74 34 2580 877.588 -1073.05 35 9138 2319.76 1209.39
1.46561 0.693658 2.64136
46 63 78
3 31 3259 -315.589 -1086.29 33 2680 -279.839 -1145.95 34 2596 -753.377 -1187.56
1.51664 0.692622 2.68289
54 72 88
3 31 3258 -378.465 -1077.21 33 2679 -343.854 -1136.95 34 2595 -826.66 -1181.46
1.52039 0.65597 2.68977
104 112 117
3 31 3257 -380.243 -1039.31 33 2678 -346.085 -1098.44 34 3011 -830.833 -1139.13
1.73878 0.757022 2.83669
60 74 87
3 31 3255 -633.213 -1111 33 2677 -611.968 -1171.09 34 3025 -1128.11 -1235.38
1.75013 0.704612 2.85311
49 62 73
3 31 3254 -643.514 -1055.44 33 2676 -622.582 -1116.23 34 3023 -1143.5 -1174.24
3.4606 -0.893985 -5.02566
23 27 34
4 31 3237 1991.81 -918.291 33 2656 1435.91 -990.342 34 2547 896.045 -935.351 35 9123 2398.4 1426.63
3.62766 -0.797382 -5.05879
47 58 64
4 31 3802 1936.22 -960.669 33 2655 1383.22 -1029.63 34 2546 846.791 -976.699 35 9122 2296.92 1363.27
3.94283 -0.880661 -4.93218
46 54 60
3 31 2459 1798.25 -923.082 33 2653 1255.75 -993.377 34 2545 716.904 -946.214
3.99366 -0.942665 -4.95625
69 79 81
3 31 3234 1786.6 -901.18 33 2651 1243.51 -972.317 34 2543 704.403 -925.901
2.94941 -0.257074 -1.98373
46 56 66
3 31 3227 1400.86 -965.027 33 2650 977.802 -1030.24 34 2541 469.8 -996.506
3.09066 -0.464473 -1.92416
22 25 27
3 31 3771 1327.85 -853.496 33 2649 907.115 -925.354 34 2491 395.432 -892.024
1.62805 0.617597 3.41768
47 69 94
3 31 2374 -1102.4 -851.821 33 2640 -1006.06 -912.782 34 2525 -1582.21 -965.698
3.6245 -1.14058 -4.94382
59 77 79
4 31 3197 1916.67 -816.262 33 2620 1366.61 -894.858 34 2492 825.839 -841.89 35 9110 2308.17 1583.09
3.98527 -1.49815 -4.89274
66 76 83
3 31 3171 1780.97 -682.039 33 2618 1241.56 -762.74 34 1786 695.441 -718.752
1.54742 0.332618 2.76813
79 100 119
3 31 3157 -406.942 -699.142 33 2615 -374.692 -766.11 34 2484 -875.186 -770.225
1.99433 0.487391 3.40269
35 30 25
3 31 2299 -1196.97 -734.863 33 2603 -1169.74 -791.297 34 2473 -1784.27 -835.049
1.34792 0.0986658 2.66228
57 58 68
3 26 3660 -177.014 -304.205 33 2489 -133.203 -554.831 34 2877 -613.815 -525.854
2.53721 -1.05442 -0.544095
5 11 9
3 31 3002 1103.7 -342.637 33 2443 767.594 -438.343 34 2851 255.128 -392.48
1.44596 -0.976149 2.96615
57 64 68
3 31 2845 -304.279 578.028 33 2297 -264.057 481.87 34 2205 -790.526 609.735
1.21793 -0.996902 2.79297
76 79 85
3 31 2854 -43.7517 599.129 33 2266 0.503662 484.772 34 2736 -496.603 615.46
1.25124 -1.00859 2.83135
106 110 109
3 31 2853 -90.5977 612.315 33 2264 -44.583 501.538 34 2715 -547.811 634.536
0.877651 -1.3425 2.56911
42 50 63
3 31 2776 371.577 912.895 33 2228 408.776 760.612 34 2147 -61.1057 910.364
5.27097 -3.65168 3.78067
89 94 126
2 32 1905 -1906.61 762.281 33 2199 -1758.2 1422.92
0.871406 0.979456 2.17251
22 27 23
3 31 3361 413.605 -1495.61 33 2156 454.479 -1531.39 34 2082 76.1345 -1567.17
0.890949 1.03309 2.18161
20 21 26
3 31 2681 384.767 -1553.89 33 2155 427.371 -1585.82 34 2657 49.0684 -1628.86
0.878422 1.01239 2.17995
45 62 74
3 31 2679 398.022 -1530.06 33 2154 440.683 -1566.2 34 2101 62.9873 -1605.55
0.878422 1.01239 2.17995
45 62 74
3 31 2680 398.022 -1530.06 33 2153 440.683 -1566.2 34 2100 62.9873 -1605.55
1.77199 0.5382 -0.414296
37 49 65
3 31 2607 1380.24 -1312.76 33 2135 1062.94 -1358.67 34 2059 607.544 -1330.68
1.45988 0.931316 2.60308
41 46 52
3 31 3335 -318.519 -1340.06 33 2125 -281.355 -1392.55 34 2634 -744.286 -1463.87
1.45988 0.931316 2.60308
41 46 52
3 31 3334 -318.519 -1340.06 33 2124 -281.355 -1392.55 34 2633 -744.286 -1463.87
1.40691 1.00643 3.22923
2 4 3
3 31 2633 -900.74 -1327.87 33 2120 -773.384 -1389.38 34 1207 -1288.48 -1495.92
2.80567 0.00931862 -2.84748
31 42 44
2 31 3277 1716.12 -1169.74 33 2105 1243.89 -1224.26
2.94598 -0.0965976 -3.02099
54 67 79
3 31 2529 1705.58 -1126.9 33 2103 1228.09 -1187.13 34 1988 717.739 -1142.14
1.73941 0.821728 2.82572
42 49 61
3 31 2587 -635.493 -1178.33 33 2089 -614.025 -1237.4 34 2019 -1128.16 -1309.49
1.74214 0.784802 2.83598
51 65 85
3 31 1287 -639.307 -1139.62 33 2088 -616.875 -1199.88 34 1101 -1134.62 -1265.23
1.53938 0.877281 3.30177
47 77 97
3 31 2488 -1006.35 -1159.95 33 2086 -899.823 -1222.99 34 2043 -1444.3 -1315.12
1.53938 0.877281 3.30177
47 77 97
3 31 2487 -1006.35 -1159.95 33 2085 -899.823 -1222.99 34 2042 -1444.3 -1315.12
3.27472 -0.611666 -5.26008
50 59 69
3 33 2067 1539.94 -1110.73 34 1991 1002.23 -1050.02 35 8290 2529.55 1230.43
3.49936 -0.4965 -5.09229
68 88 93
3 31 3283 1987.85 -1083.64 33 2066 1430.55 -1144.18 35 9139 2346.96 1181.37
3.59674 -0.460585 -4.99201
35 33 44
3 31 2536 1930.32 -1093.45 33 2064 1379.14 -1153.55 34 1990 847.099 -1100.93
3.59848 -0.511868 -5.07018
75 91 104
4 31 3282 1946.8 -1076.67 33 2063 1392.77 -1137.41 34 2578 859.845 -1084.4 35 9135 2285.95 1193.33
3.59848 -0.511868 -5.07018
75 91 104
4 31 3281 1946.8 -1076.67 33 2062 1392.77 -1137.41 34 2577 859.845 -1084.4 35 9134 2285.95 1193.33
3.77999 -0.463259 -4.95426
31 34 43
4 31 3279 1855.22 -1089.5 33 2061 1310.37 -1149.44 34 1989 778.944 -1100.79 35 8284 2149.21 1177.93
1.45035 0.707911 2.62484
66 72 88
3 31 2495 -295.49 -1104.28 33 2053 -259.111 -1162.65 34 2020 -730.061 -1206.15
1.50549 0.661022 2.67595
60 77 93
3 31 2494 -361.248 -1046.42 33 2052 -327.417 -1107.5 34 2574 -808.309 -1145.8
1.47629 0.626186 2.6632
93 110 117
3 31 2436 -329.037 -1013.73 33 2051 -293.216 -1073.03 34 1979 -771.749 -1109.43
1.49837 0.636979 2.68043
96 111 116
3 31 2435 -357.383 -1020.97 33 2050 -322.263 -1082.19 34 2573 -803.87 -1118.59
3.43867 -0.865323 -5.09804
60 80 85
3 31 2462 2013.82 -933.212 33 2014 1455.88 -1004.55 34 1930 918.037 -949.23
3.38355 -1.04825 -4.97643
47 68 77
3 31 2403 2010.96 -852.46 33 2012 1454.31 -928.205 35 8244 2449.71 1527.29
3.53414 -0.893153 -5.05552
27 32 36
4 31 2461 1970.77 -921.59 33 2011 1415.79 -992.51 34 1928 875.917 -938.615 35 8264 2361.47 1421.26
3.64147 -0.908092 -5.03029
32 37 41
4 31 2460 1926.14 -915.434 33 2010 1374.96 -986.467 34 1927 836.131 -934.04 35 8263 2294.03 1432.51
3.65589 -0.887273 -4.97241
67 83 90
3 31 3235 1908.59 -920.172 33 2009 1359.31 -991.01 34 951 821.717 -937.266
3.69454 -0.948479 -4.99922
45 48 53
3 31 3199 1901.07 -897.442 33 2008 1350.88 -969.528 34 1926 813.227 -918.34
3.6981 -0.950692 -5.00533
45 48 53
4 31 3198 1901.07 -897.442 33 2007 1350.88 -969.528 34 1925 813.227 -918.34 35 8243 2259.87 1460.29
3.57363 -1.10077 -4.93436
33 26 32
4 31 2402 1933.31 -830.375 33 2006 1381.22 -907.948 34 1867 841.009 -854.335 35 6819 2332.38 1560.75
4.32045 -1.13351 -4.85546
44 52 54
3 31 2398 1656.4 -825.311 33 2005 1121.33 -900.001 34 853 579.387 -858.455
4.32045 -1.13351 -4.85546
44 52 54
3 31 2397 1656.4 -825.311 33 2004 1121.33 -900.001 34 852 579.387 -858.455
3.19941 -0.533161 -2.21728
25 31 38
4 26 4602 2068.9 -665.18 33 2003 940.242 -919.936 34 1864 427.813 -884.34 35 8240 1661.03 1574.13
1.44191 0.467074 2.66325
108 117 127
3 31 2382 -284.591 -850.68 33 1994 -247.232 -915.158 34 1911 -727.611 -931.812
1.55048 0.519462 2.73838
61 79 102
3 31 2380 -414.641 -891.614 33 1992 -382.016 -954.352 34 2533 -876.618 -980.526
1.5787 0.479012 2.76208
106 115 124
3 31 2379 -442.416 -846.682 33 1991 -411.972 -910.918 34 2532 -911.919 -933.029
1.7429 0.616826 2.86762
63 75 91
3 31 2434 -637.097 -966.184 33 1989 -615.304 -1026.52 34 2572 -1138.47 -1073.87
1.55548 0.626797 3.36312
40 64 91
3 31 2377 -1019.66 -871.763 33 1986 -914.541 -934.134 34 1905 -1474.25 -985.779
1.54583 0.601498 3.35802
26 33 52
3 31 2376 -1004.87 -845.412 33 1984 -897.933 -907.962 34 2528 -1457.78 -954.313
4.40958 -1.34842 -4.81874
52 55 61
3 31 2344 1621.52 -742.811 33 1952 1090.43 -821.227 34 1865 543.955 -781.229
1.5212 0.528574 3.34601
19 23 32
3 31 1112 -965.91 -768.746 33 1946 -858.458 -831.514 34 1856 -1412.45 -864.338
1.54916 0.508088 3.35514
15 15 15
3 31 1005 -982.521 -746.343 33 1945 -880.468 -806.833 34 1854 -1438.11 -839.774
1.76542 0.597196 3.50014
20 23 35
3 31 2370 -1233.02 -814.489 33 1942 -1156.2 -874.298 34 2524 -1760.62 -930.4
1.76542 0.597196 3.50014
20 23 35
3 31 2369 -1233.02 -814.489 33 1941 -1156.2 -874.298 34 2523 -1760.62 -930.4
3.2745 -1.75138 -5.51815
107 139 179
3 31 3118 2158.75 -614.079 33 1885 1584.42 -706.346 34 1790 1032 -646.008
3.93175 -1.5204 -4.89039
41 46 52
3 31 2345 1799.06 -670.7 33 1876 1258.73 -755.095 34 2446 712.735 -707.997
1.95534 0.430121 3.39254
90 100 110
3 31 2297 -1161.22 -678.635 33 1833 -1129.64 -735.571 34 1844 -1737.51 -769.252
2.13121 -1.02738 3.61311
42 55 56
3 31 2808 -1105.84 649.526 33 1422 -1101.02 607.578 34 2178 -1743.03 742.712
2.13121 -1.02738 3.61311
42 55 56
3 31 2807 -1105.84 649.526 33 1421 -1101.02 607.578 34 2177 -1743.03 742.712
8.6403 -9.23866 -8.44102
93 110 136
3 32 1670 1948.48 -242.036 33 1417 747.654 670.724 34 1359 136.944 706.923
8.6403 -9.23866 -8.44102
93 110 136
3 32 1669 1948.48 -242.036 33 1416 747.654 670.724 34 1360 136.944 706.923
0.862463 -1.13903 2.78739
19 20 24
3 31 1705 190.885 832.293 33 1408 268.741 687.48 34 79 -199.912 846.511
1.95161 -1.13233 3.53788
62 62 79
3 31 105 -959.103 760.862 33 1403 -934.439 704.874 34 2157 -1552.7 855.959
2.13755 -1.03587 3.71
57 58 73
3 31 2806 -1186.4 686.277 33 1402 -1176.06 649.824 34 2156 -1830.63 792.578
1.48869 -2.53826 1.69551
207 236 255
3 31 2762 664.819 1247.9 33 1376 532.326 1080.72 34 23 18.929 1213
1.70142 -2.64197 1.90844
200 240 255
3 31 54 449.909 1316.12 33 1370 327.466 1165.76 34 2122 -199.114 1305.59
0.879728 0.979444 2.1849
53 66 90
3 31 1544 397.349 -1492.6 33 1318 439.608 -1529.95 34 1232 60.2073 -1566.56
1.59798 1.02879 2.79932
47 48 53
3 31 3333 -581.482 -1403.11 33 1306 -537.532 -1460.67 34 2073 -1028.97 -1556.15
1.8078 0.589356 -0.140821
28 33 29
3 31 1490 1238.38 -1326.41 33 1276 944.545 -1370.61 34 1186 493.227 -1350.13
0.93539 0.835672 1.7122
8 9 8
3 31 1483 737.578 -1388.8 33 1274 689.594 -1429.85 34 1181 304.091 -1438.1
1.55642 0.921295 2.6745
40 57 67
3 31 1375 -430.464 -1312.81 33 1255 -397.66 -1368.35 34 2049 -876.976 -1442.57
2.53132 -0.0159464 -2.99134
60 79 96
3 31 2537 1877.78 -1167.03 33 1234 1395.44 -1223.12 34 1061 889.125 -1170.31
0.98324 0.641717 1.78578
15 22 12
3 31 1386 670.13 -1180.86 33 1227 627.086 -1232.12 34 1115 227.448 -1228.77
0.98324 0.641717 1.78578
15 22 12
3 31 1387 670.13 -1180.86 33 1226 627.086 -1232.12 34 1116 227.448 -1228.77
3.38065 -0.48803 -5.15575
26 29 34
3 31 1322 2044.69 -1091.68 33 1152 1483.38 -1151.5 34 1058 950.111 -1093.51
3.44315 -0.451075 -5.03769
28 36 48
3 31 1321 1996.5 -1099.88 33 1150 1440.92 -1159.08 34 1057 908.767 -1103.86
3.47475 -0.658324 -5.07286
37 38 43
4 31 1250 1994.23 -1017.17 33 1149 1437.8 -1082.33 34 958 900.877 -1026.72 35 6910 2374.98 1279.48
3.56234 -0.50154 -5.07751
73 87 96
4 31 1318 1961.52 -1081.26 33 1146 1406.51 -1142.16 34 1056 873.253 -1088.28 35 6914 2307.54 1186.53
3.69279 -0.466006 -5.02189
27 26 41
4 31 2535 1901.7 -1092.8 33 1145 1351.51 -1152.21 34 1055 819.64 -1101.29 35 6956 2215.65 1172.37
3.69279 -0.466006 -5.02189
27 26 41
4 31 2534 1901.7 -1092.8 33 1144 1351.51 -1152.21 34 1054 819.64 -1101.29 35 6955 2215.65 1172.37
3.61649 -0.632864 -5.05549
45 45 54
3 31 1242 1938.08 -1026.98 33 1143 1385.72 -1091.23 34 1051 849.899 -1039.04
3.63274 -0.636622 -5.08496
45 45 54
4 31 1241 1938.08 -1026.98 33 1142 1385.72 -1091.23 34 1052 849.899 -1039.04 35 6908 2282.84 1265.81
3.0239 -0.183122 -1.9043
5 11 11
3 33 1139 921.252 -1059.93 34 1923 416.818 -1030.25 31 1225 1341.98 -995.284
1.45432 0.654551 2.64044
78 102 125
3 31 1289 -302.328 -1046.74 33 1118 -265.768 -1106.3 34 1037 -739.693 -1143.75
1.43901 0.647746 2.6326
65 75 95
3 31 1291 -286.218 -1040.42 33 1117 -248.199 -1101.17 34 1980 -721.112 -1137.52
1.7195 0.745575 2.8207
89 96 99
3 31 1286 -608.282 -1102.7 33 1111 -585.012 -1162.73 34 1098 -1099.7 -1224.68
1.75726 0.72387 2.85184
61 88 107
3 31 2493 -649.092 -1075.12 33 1110 -629.443 -1135.3 34 2017 -1149.83 -1195.86
1.76404 0.703522 2.86822
59 82 94
3 31 1281 -662.797 -1052.24 33 1109 -643.693 -1111.94 34 1031 -1165.37 -1170.62
1.76115 0.687184 2.86711
43 57 66
3 31 1198 -657.646 -1035.9 33 1108 -637.702 -1096.72 34 1976 -1160.63 -1152.14
1.76115 0.687184 2.86711
43 57 66
3 31 1197 -657.646 -1035.9 33 1107 -637.702 -1096.72 34 1975 -1160.63 -1152.14
1.76183 0.662478 2.86923
52 64 86
3 31 1199 -655.352 -1010.09 33 1105 -635.535 -1071.48 34 1027 -1159.56 -1125.48
1.76183 0.662478 2.86923
52 64 86
3 31 1200 -655.352 -1010.09 33 1104 -635.535 -1071.48 34 1026 -1159.56 -1125.48
3.44097 -1.10711 -6.3978
24 31 39
3 31 2465 2260.85 -926.567 33 1055 1661.17 -998.396 34 960 1107.88 -931.707
3.40638 -0.873545 -5.27531
62 76 87
3 31 2463 2061.95 -942.726 33 1054 1496.93 -1012.29 34 955 957.717 -954.371
3.50226 -0.862549 -5.04183
61 79 89
4 31 1243 1979.64 -933.076 33 1053 1423.32 -1003.33 34 953 885.347 -948.279 35 6864 2373.87 1405.2
3.38411 -0.886282 -5.03227
20 30 31
4 31 1245 2021.33 -920.998 33 1052 1462.93 -992.258 34 954 925.251 -935.962 35 6866 2444.63 1420.98
3.7337 -0.986663 -5.02591
74 82 85
4 31 1149 1892.71 -884.306 33 1048 1343.64 -957.884 34 950 803.786 -906.347 35 6825 2248.21 1477.62
3.93352 -0.82771 -4.93012
50 54 63
3 31 1236 1800.36 -943.929 33 1047 1258.24 -1013.5 34 1924 719.398 -964.889
1.53853 0.67489 3.33641
63 95 125
3 31 1192 -996.239 -929.874 33 1025 -890.073 -992.322 34 1971 -1442.69 -1050.95
1.51991 0.577246 3.34789
67 97 125
3 31 1115 -978.08 -820.718 33 950 -868.558 -883.132 34 921 -1422.91 -924.98
1.51991 0.577246 3.34789
67 97 125
3 31 1114 -978.08 -820.718 33 949 -868.558 -883.132 34 920 -1422.91 -924.98
1.54178 0.568279 3.3594
7 19 25
3 31 1113 -996.991 -808.692 33 948 -891.255 -871.203 34 919 -1448.87 -912.934
1.54819 0.486437 3.31798
59 55 49
2 31 2304 -940.703 -729.82 33 945 -841.914 -794.808
1.82883 0.588701 3.55807
72 101 131
3 31 1105 -1311.46 -794.728 33 935 -1242.2 -853.036 34 1897 -1863.29 -910.276
1.82554 0.502768 3.54966
32 31 30
3 31 2294 -1281.89 -708.029 33 933 -1213.82 -764.564 34 1837 -1833.1 -807.083
4.1425 -1.85123 -5.62413
110 129 138
3 31 2242 1880.68 -613.044 33 867 1319.96 -702.641 34 742 765.45 -652.019
1.82519 0.472211 3.54719
54 56 55
3 31 994 -1272.25 -675.972 33 797 -1204.32 -733.272 34 809 -1823.77 -771.902
1.83283 0.451302 3.55668
30 36 36
3 31 991 -1279.39 -653.49 33 794 -1212.68 -710.083 34 708 -1834.17 -743.869
0.870399 0.0783861 2.33416
74 109 138
3 31 846 396.445 -490.588 33 690 436.823 -579.934 34 621 16.9934 -529.842
2.31254 0.274814 3.35876
87 87 92
3 31 837 -1219.92 -563.199 33 681 -1248.87 -615.052 34 1760 -1884.82 -639.4
3.0864 -1.5927 -1.97676
53 67 70
3 31 3009 1373.28 -305.508 33 571 950.748 -400.985 34 528 420.256 -355.266
0.909635 -0.425733 2.42925
89 114 124
3 26 447 314.518 249.498 33 315 392.382 -80.6837 34 211 -50.9441 8.77356
2.39655 -0.388698 3.57386
109 110 112
2 32 2007 -2501.16 -817.57 33 229 -1323.28 21.1539
0.913621 -0.942572 2.52488
48 58 79
3 31 222 338.33 540.655 33 160 375.725 404.966 34 130 -85.2 533.026
2.10075 -0.806512 3.40794
71 92 112
3 26 352 -863.909 547.594 33 156 -975.257 361.607 34 145 -1593.4 467.293
1.67422 -2.69915 1.83333
98 120 169
3 31 55 508.024 1333.42 33 35 378.874 1177.62 34 6 -145.823 1316.69
2.26733 -1.56706 0.554883
102 93 101
6 20 1306 1883.05 286.489 21 1421 2410.83 68.9747 22 600 2401.81 -228.521 23 1012 987.258 412.258 24 308 469.702 386.719 30 651 -374.459 395.619
1.41779 -1.10435 3.1093
107 107 111
8 18 5364 -962.418 985.484 26 4885 -396.898 931.702 31 3953 -384.461 747.24 32 2475 -891.414 536.853 11 6903 -1295.28 1174.81 29 2695 -1515.05 263.349 33 3221 -326.797 650.39 34 3124 -860.501 795.97
2.17163 -1.02245 3.65232
70 75 75
6 18 2523 -1498.07 726.386 26 2174 -1037.54 759.837 32 1957 -2152.91 231.882 11 3196 -1669.83 852.012 29 2240 -2429.83 -367.843 34 1351 -1801.92 743.606
1.21638 -0.934234 1.95268
117 126 136
15 18 5402 249.576 643.301 26 4287 666.235 517.102 0 6369 -272.074 -118.152 1 7233 -969.7 46.2673 2 7419 -909.626 -17.8647 3 7458 -571.573 279.068 5 6663 -719.801 -141.545 6 6246 -182.953 -171.372 7 5689 -767.435 -49.2773 20 2929 -1502.68 -1175.92 23 2236 -1673.49 -1308.58 23 2325 -1672.92 -1309.19 24 2168 -1231.5 -1378.89 30 3969 -1699.07 -1552.3 11 7401 -5.94604 899.157
1.79991 0.285426 1.0349
109 112 112
5 16 10024 1505.1 924.202 18 3311 784.189 -808.801 19 8241 1614.92 1023.97 28 8401 1035.42 1132.74 31 3218 665.845 -968.29
8.72468 -7.5476 -8.55963
22 25 33
2 32 2730 1980.12 -697.638 33 4108 726.005 328.321
9.09996 -6.68794 -8.44269
55 62 67
4 32 2243 1875.63 -958.089 31 2879 1201.13 250.55 33 2890 631.28 147.446 31 3545 1201.19 250.573
2.00298 -0.423188 3.21948
22 28 28
2 26 6027 -758.956 202.94 32 2735 -1775.27 -796.57
2.00298 -0.423188 3.21948
22 28 28
2 26 6026 -758.956 202.94 32 2734 -1775.27 -796.57
8.86467 -8.91008 -8.50983
30 30 40
2 31 4936 1273.62 712.823 32 2723 1915.3 -353.608
1.42664 -2.46403 1.83953
34 35 47
3 29 2906 914.922 1226.89 34 3836 -11.5273 1242.34 33 3852 500.265 1102.06
0.97215 -0.0730427 2.43003
103 125 156
4 31 4577 268.386 -326.388 32 2689 330.01 -1508.02 33 3570 313.636 -416.086 34 3744 -127.094 -359.303
8.63214 -9.13248 -7.97866
243 253 255
2 31 4708 1240.81 821.289 32 2677 1860.4 -212.819
0.872509 -0.0177236 2.34837
21 42 58
4 31 4061 396.027 -390.587 32 2658 613.746 -1651.49 33 3345 434.827 -483.575 34 3229 10.1663 -427.021
0.860652 -0.0568625 2.36235
64 90 112
2 31 4039 396.723 -344.269 32 2651 614.389 -1545.67
9.17586 -7.64172 -8.52626
109 127 147
3 31 4717 1208.3 438.619 32 2636 1864.57 -711.74 33 3868 642.083 328.304
0.933193 -0.98603 2.64331
116 115 114
2 31 4296 239.187 617.602 32 2625 257.984 415.991
2.31775 -0.888303 3.62191
76 98 121
4 31 3967 -1200.4 493.401 32 2567 -2232.79 -55.6115 33 3529 -1222.66 458.101 34 3473 -1883.53 571.468
5.55614 -3.61336 4.03444
58 55 67
2 26 5280 -1147.5 1396.01 32 2553 -2129.85 718.265
0.942991 -1.15221 2.7546
53 42 46
3 31 3451 167.794 804.123 29 2665 -677.478 802.536 32 2473 112.588 750.661
0.901854 -0.060317 2.37013
111 126 148
4 26 698 317.515 -146.595 31 2986 363.619 -345.092 32 2446 539.056 -1548.86 33 2434 401.755 -441.149
0.899874 -0.0593729 2.3717
111 126 148
3 31 2985 363.619 -345.092 32 2445 539.056 -1548.86 33 2435 401.755 -441.149
2.1206 -0.0546874 3.18669
71 74 81
3 18 4141 -1241.53 -207.76 26 3595 -819.594 -143.122 32 2442 -1996.68 -1476.48
1.59465 -0.960839 3.08082
107 109 107
5 26 3407 -445.299 737.444 32 2368 -1033.9 170.347 33 2296 -435.927 479.195 34 2199 -981.307 604.71 31 1773 -471.886 564.122
